Test libraries in *100000* times, results as N seconds
|	test case	| handlebars.php	|	lightncandy	|	mustache-php	|	mustache.php	|
|  001-simple-vars-001	|	       36.399	|	        3.476	|	        0.000	|	       10.615 |
|  001-simple-vars-002	|	        0.000	|	        0.000	|	        0.000	|	        0.000 |
|  001-simple-vars-003	|	       35.240	|	        3.341	|	        0.000	|	        7.071 |
|  001-simple-vars-004	|	       36.731	|	        3.404	|	        0.000	|	       10.118 |
|  001-simple-vars-005	|	       36.535	|	        3.301	|	        0.000	|	       10.129 |
|  001-simple-vars-006	|	        0.000	|	        0.000	|	        0.000	|	        0.000 |
|    002-simple-if-001	|	       30.783	|	        5.317	|	       14.215	|	       10.292 |
|    002-simple-if-002	|	       21.453	|	        4.829	|	       11.016	|	        7.151 |
|    002-simple-if-003	|	       21.328	|	        5.073	|	        9.393	|	        7.425 |
|  003-simple-else-001	|	       33.861	|	        5.551	|	       17.326	|	       11.484 |
|  003-simple-else-002	|	       33.887	|	        0.000	|	       17.714	|	        9.769 |
|  003-simple-else-003	|	       33.630	|	        5.944	|	       16.489	|	        9.728 |
|  003-simple-else-004	|	        0.000	|	        5.480	|	        0.000	|	        0.000 |
|  003-simple-else-005	|	        0.000	|	        5.458	|	        0.000	|	        0.000 |
|  003-simple-else-006	|	        0.000	|	        5.715	|	        0.000	|	        0.000 |
|  003-simple-else-007	|	        0.000	|	        5.752	|	        0.000	|	        0.000 |
|  003-simple-else-008	|	        0.000	|	        5.730	|	        0.000	|	        0.000 |
|  003-simple-else-009	|	       35.341	|	        5.441	|	       17.511	|	       10.020 |
|  003-simple-else-010	|	        0.000	|	        5.859	|	        0.000	|	        0.000 |
|  003-simple-else-011	|	        0.000	|	        5.984	|	        0.000	|	        0.000 |
|  003-simple-else-012	|	        0.000	|	        5.911	|	        0.000	|	        0.000 |
| 004-simple-mvars-001	|	      149.674	|	        7.325	|	       60.320	|	       39.407 |
| 004-simple-mvars-002	|	      150.068	|	        7.720	|	       61.026	|	       38.308 |
| 004-simple-mvars-003	|	      146.462	|	        7.922	|	       51.811	|	       26.617 |
| 004-simple-mvars-004	|	      151.042	|	        7.905	|	       60.662	|	       38.438 |
| 05-simple-escape-001	|	        0.000	|	        3.085	|	        0.000	|	        0.000 |
| 05-simple-escape-002	|	        0.000	|	        2.655	|	        0.000	|	        0.000 |
| 05-simple-escape-003	|	        0.000	|	        2.745	|	        0.000	|	        0.000 |
| 6-simple-section-001	|	       59.926	|	        7.795	|	       26.310	|	       17.281 |
| 6-simple-section-002	|	       30.198	|	        5.550	|	       11.447	|	        8.685 |
| 6-simple-section-003	|	        0.000	|	        6.216	|	        0.000	|	        0.000 |
| 6-simple-section-004	|	        0.000	|	        6.060	|	        0.000	|	        0.000 |
| 6-simple-section-005	|	       30.093	|	        5.549	|	       12.446	|	        9.238 |
| 6-simple-section-006	|	       43.323	|	        6.030	|	       19.463	|	       13.265 |
| 6-simple-section-007	|	       59.430	|	        8.373	|	       26.926	|	       17.789 |
| 6-simple-section-008	|	       74.644	|	        8.858	|	       32.703	|	       21.367 |
| 6-simple-section-009	|	        0.000	|	        0.000	|	        0.000	|	        0.000 |
| -simple-sections-001	|	       95.244	|	        0.000	|	       55.440	|	       28.671 |
| -simple-sections-002	|	       52.095	|	        0.000	|	       29.023	|	       16.604 |
| -simple-sections-003	|	       96.115	|	        0.000	|	       54.927	|	       29.347 |
| -simple-sections-004	|	       21.130	|	        7.068	|	       10.917	|	        8.246 |
| 8-simple-comment-001	|	       19.461	|	        5.071	|	        9.297	|	        6.964 |
| 8-simple-comment-002	|	       29.108	|	        5.433	|	       14.195	|	       10.148 |
|   009-simple-dot-001	|	       48.111	|	        3.734	|	        0.000	|	       24.040 |
|   009-simple-dot-002	|	       43.464	|	        3.795	|	        0.000	|	       14.404 |
|   009-simple-dot-003	|	       46.570	|	        3.295	|	        0.000	|	       21.388 |
| le-doublesection-001	|	        0.000	|	       14.348	|	       28.233	|	        0.000 |
| le-doublesection-002	|	        0.000	|	        0.000	|	        0.000	|	        0.000 |
| le-doublesection-003	|	        0.000	|	        0.000	|	        0.000	|	        0.000 |
| le-doublesection-004	|	        0.000	|	        0.000	|	        0.000	|	        0.000 |
| le-doublesection-005	|	        0.000	|	        0.000	|	        0.000	|	        0.000 |
| 1-simple-context-001	|	        0.000	|	       20.885	|	        0.000	|	        0.000 |
| 1-simple-context-002	|	        0.000	|	       19.949	|	        0.000	|	        0.000 |
|  012-simple-this-001	|	        0.000	|	        0.000	|	        0.000	|	        0.000 |
|  012-simple-this-002	|	        0.000	|	        0.000	|	        0.000	|	        0.000 |
|  012-simple-this-003	|	        0.000	|	        0.000	|	        0.000	|	        0.000 |
|  012-simple-this-004	|	       73.328	|	        0.000	|	        0.000	|	        0.000 |
|  012-simple-this-005	|	        0.000	|	        0.000	|	        0.000	|	        0.000 |
|  012-simple-this-006	|	        0.000	|	        0.000	|	        0.000	|	        0.000 |
|      013-hb-each-001	|	       61.473	|	        7.591	|	        0.000	|	        0.000 |
|      013-hb-each-002	|	       31.354	|	        5.842	|	        0.000	|	        0.000 |
|      013-hb-each-003	|	       31.384	|	        5.641	|	        0.000	|	        0.000 |
|      013-hb-each-004	|	       31.308	|	        5.625	|	        0.000	|	        0.000 |
|      013-hb-each-005	|	       31.317	|	        5.621	|	        0.000	|	        0.000 |
|      013-hb-each-006	|	       31.410	|	        5.632	|	        0.000	|	        0.000 |
|      013-hb-each-007	|	       61.277	|	        7.688	|	        0.000	|	        0.000 |
|      013-hb-each-008	|	       77.007	|	        8.243	|	        0.000	|	        0.000 |
|      013-hb-each-009	|	        0.000	|	        0.000	|	        0.000	|	        0.000 |
|        014-hb-if-001	|	       76.873	|	       10.147	|	        0.000	|	        0.000 |
|        014-hb-if-002	|	       87.412	|	       11.180	|	        0.000	|	        0.000 |
|        014-hb-if-003	|	       87.859	|	       11.761	|	        0.000	|	        0.000 |
|        014-hb-if-004	|	       86.763	|	       11.866	|	        0.000	|	        0.000 |
|    015-hb-unless-001	|	        0.000	|	        7.588	|	        0.000	|	        0.000 |
|    015-hb-unless-002	|	        0.000	|	        6.794	|	        0.000	|	        0.000 |
|    015-hb-unless-003	|	        0.000	|	        6.963	|	        0.000	|	        0.000 |
|  016-hb-eachthis-001	|	      177.552	|	        0.000	|	        0.000	|	        0.000 |
|  016-hb-eachthis-002	|	      149.840	|	        0.000	|	        0.000	|	        0.000 |
|      017-hb-with-001	|	        0.000	|	        0.000	|	        0.000	|	        0.000 |
|      017-hb-with-002	|	        0.000	|	        0.000	|	        0.000	|	        0.000 |
|      017-hb-with-003	|	        0.000	|	        0.000	|	        0.000	|	        0.000 |
|  018-hb-withwith-001	|	        0.000	|	        0.000	|	        0.000	|	        0.000 |
|  018-hb-withwith-002	|	        0.000	|	        0.000	|	        0.000	|	        0.000 |
|  018-hb-withwith-003	|	        0.000	|	        0.000	|	        0.000	|	        0.000 |
|  018-hb-withwith-004	|	        0.000	|	        0.000	|	        0.000	|	        0.000 |
|  018-hb-withwith-005	|	        0.000	|	        0.000	|	        0.000	|	        0.000 |
|  018-hb-withwith-006	|	        0.000	|	        0.000	|	        0.000	|	        0.000 |
|  018-hb-withwith-007	|	        0.000	|	        0.000	|	        0.000	|	        0.000 |
| 19-hb-eachparent-001	|	      323.535	|	        0.000	|	        0.000	|	        0.000 |
| 19-hb-eachparent-002	|	      318.912	|	        0.000	|	        0.000	|	        0.000 |
|   020-hb-doteach-001	|	       37.311	|	       11.815	|	        0.000	|	        0.000 |
|   020-hb-doteach-002	|	      153.149	|	       18.819	|	        0.000	|	        0.000 |
| 21-hb-manyparent-001	|	        0.000	|	        0.000	|	        0.000	|	        0.000 |
| 21-hb-manyparent-002	|	        0.000	|	        0.000	|	        0.000	|	        0.000 |
| 21-hb-manyparent-003	|	        0.000	|	        0.000	|	        0.000	|	        0.000 |
| 21-hb-manyparent-004	|	        0.000	|	        0.000	|	        0.000	|	        0.000 |
| 2-simple-partial-001	|	        0.000	|	        0.000	|	        0.000	|	        0.000 |
|   023-hb-partial-001	|	        0.000	|	        0.000	|	        0.000	|	        0.000 |
|  livetest-001-hb-001	|	        0.000	|	        0.000	|	        0.000	|	        0.000 |
