Test libraries in *100000* times, results as N seconds
*In this test lightncandy is configured as HANDLEBARS*
|	test case	| handlebars.php	|	lightncandy	|	mustache-php	|	mustache.php	|
|  001-simple-vars-001	|	       67.556	|	        4.333	|	       14.818	|	       11.164 |
|  001-simple-vars-002	|	       66.760	|	        4.220	|	       15.172	|	       10.730 |
|  001-simple-vars-003	|	       64.518	|	        4.418	|	       14.282	|	        6.485 |
|  001-simple-vars-004	|	       66.600	|	        4.257	|	       15.209	|	       10.541 |
|  001-simple-vars-005	|	       64.893	|	        4.111	|	       15.551	|	       10.221 |
|  001-simple-vars-006	|	       85.268	|	        4.727	|	       15.914	|	       22.060 |
|    002-simple-if-001	|	       53.766	|	        4.577	|	       14.781	|	       10.512 |
|    002-simple-if-002	|	       38.051	|	        4.038	|	       10.434	|	        7.411 |
|    002-simple-if-003	|	        0.000	|	        4.774	|	        9.576	|	        7.266 |
|  003-simple-else-001	|	       59.989	|	        4.878	|	       17.828	|	       11.154 |
|  003-simple-else-002	|	       62.755	|	        5.970	|	       17.470	|	        9.831 |
|  003-simple-else-003	|	        0.000	|	        5.126	|	       16.269	|	       10.114 |
|  003-simple-else-004	|	       59.469	|	        4.848	|	       17.645	|	       11.107 |
|  003-simple-else-005	|	       59.001	|	        4.892	|	       17.468	|	       10.188 |
|  003-simple-else-006	|	       59.549	|	        5.214	|	       17.631	|	        9.817 |
|  003-simple-else-007	|	       58.981	|	        5.200	|	       22.278	|	        9.632 |
|  003-simple-else-008	|	       58.834	|	        5.211	|	       17.669	|	       10.946 |
|  003-simple-else-009	|	       59.474	|	        4.658	|	       18.475	|	        9.931 |
|  003-simple-else-010	|	       60.181	|	        4.852	|	       17.800	|	       11.205 |
|  003-simple-else-011	|	       59.652	|	        5.657	|	       17.542	|	       10.926 |
|  003-simple-else-012	|	       58.699	|	        5.235	|	       17.592	|	       12.418 |
| 004-simple-mvars-001	|	      263.602	|	        9.563	|	       61.631	|	       38.960 |
| 004-simple-mvars-002	|	      263.683	|	        9.400	|	       61.479	|	       38.787 |
| 004-simple-mvars-003	|	      265.569	|	       10.775	|	       52.633	|	       21.000 |
| 004-simple-mvars-004	|	      257.972	|	       10.057	|	       61.696	|	       38.697 |
| 05-simple-escape-001	|	       46.393	|	        3.297	|	       11.757	|	        7.676 |
| 05-simple-escape-002	|	       46.186	|	        3.294	|	       11.705	|	        7.105 |
| 05-simple-escape-003	|	       45.568	|	        3.377	|	       11.738	|	        7.144 |
| 6-simple-section-001	|	      104.806	|	        8.167	|	       27.516	|	       17.732 |
| 6-simple-section-002	|	        0.000	|	        4.725	|	       11.782	|	        9.321 |
| 6-simple-section-003	|	       51.196	|	        5.787	|	       12.678	|	        8.954 |
| 6-simple-section-004	|	       76.000	|	        5.397	|	       19.777	|	       13.350 |
| 6-simple-section-005	|	       51.745	|	        4.533	|	       12.651	|	        8.982 |
| 6-simple-section-006	|	       76.372	|	        5.561	|	       19.737	|	       13.391 |
| 6-simple-section-007	|	      108.467	|	        8.674	|	       26.470	|	       18.875 |
| 6-simple-section-008	|	      136.918	|	        9.469	|	       32.796	|	       21.470 |
| 6-simple-section-009	|	      332.955	|	       16.478	|	       78.349	|	       48.784 |
| -simple-sections-001	|	        0.000	|	       15.725	|	       55.251	|	       29.249 |
| -simple-sections-002	|	       93.504	|	        9.669	|	       30.664	|	       16.561 |
| -simple-sections-003	|	        0.000	|	       16.282	|	       55.552	|	       29.345 |
| -simple-sections-004	|	       36.691	|	        4.588	|	       11.139	|	        7.915 |
| 8-simple-comment-001	|	        0.000	|	        4.174	|	        9.367	|	        6.980 |
| 8-simple-comment-002	|	       49.786	|	        4.488	|	       14.415	|	       11.202 |
|   009-simple-dot-001	|	       87.012	|	        5.068	|	       24.922	|	       23.734 |
|   009-simple-dot-002	|	       84.090	|	        4.500	|	       18.524	|	       13.684 |
|   009-simple-dot-003	|	       86.483	|	        4.646	|	       21.275	|	       21.203 |
| le-doublesection-001	|	        0.000	|	        9.211	|	       29.360	|	       15.177 |
| le-doublesection-002	|	        0.000	|	        8.229	|	       33.105	|	       19.296 |
| le-doublesection-003	|	        0.000	|	       11.048	|	       51.499	|	       31.077 |
| le-doublesection-004	|	        0.000	|	       11.946	|	       51.800	|	       30.208 |
| le-doublesection-005	|	      324.859	|	       22.889	|	       92.819	|	       54.319 |
| 1-simple-context-001	|	      250.484	|	       20.103	|	       69.250	|	       43.027 |
| 1-simple-context-002	|	      254.448	|	       19.835	|	       66.793	|	       41.971 |
|  012-simple-this-001	|	       69.718	|	        6.020	|	       21.333	|	       17.000 |
|  012-simple-this-002	|	       98.372	|	        6.185	|	       21.357	|	       17.798 |
|  012-simple-this-003	|	      133.523	|	        8.905	|	       41.411	|	       28.191 |
|  012-simple-this-004	|	      124.224	|	        8.256	|	       39.771	|	       23.295 |
|  012-simple-this-005	|	      170.412	|	       10.562	|	       50.748	|	       39.725 |
|  012-simple-this-006	|	      170.884	|	       10.286	|	       59.300	|	       38.528 |
|      013-hb-each-001	|	      116.091	|	        8.219	|	        0.000	|	        0.000 |
|      013-hb-each-002	|	       59.407	|	        4.606	|	        0.000	|	        0.000 |
|      013-hb-each-003	|	       60.092	|	        4.396	|	        0.000	|	        0.000 |
|      013-hb-each-004	|	       53.710	|	        4.384	|	        0.000	|	        0.000 |
|      013-hb-each-005	|	       58.833	|	        4.333	|	        0.000	|	        0.000 |
|      013-hb-each-006	|	       54.300	|	        4.342	|	        0.000	|	        0.000 |
|      013-hb-each-007	|	      116.628	|	        8.678	|	        0.000	|	        0.000 |
|      013-hb-each-008	|	      149.907	|	        9.438	|	        0.000	|	        0.000 |
|      013-hb-each-009	|	      369.660	|	       16.483	|	        0.000	|	        0.000 |
|        014-hb-if-001	|	      127.685	|	        5.654	|	        0.000	|	        0.000 |
|        014-hb-if-002	|	      153.009	|	        6.068	|	        0.000	|	        0.000 |
|        014-hb-if-003	|	      149.406	|	        7.786	|	        0.000	|	        0.000 |
|        014-hb-if-004	|	      152.144	|	        6.844	|	        0.000	|	        0.000 |
|        014-hb-if-005	|	      128.402	|	        5.974	|	        0.000	|	        0.000 |
|        014-hb-if-006	|	      127.786	|	        6.171	|	        0.000	|	        0.000 |
|        014-hb-if-007	|	      160.486	|	        7.235	|	        0.000	|	        0.000 |
|        014-hb-if-008	|	      136.893	|	        5.568	|	        0.000	|	        0.000 |
|    015-hb-unless-001	|	      115.243	|	        5.265	|	        0.000	|	        0.000 |
|    015-hb-unless-002	|	       97.542	|	        4.869	|	        0.000	|	        0.000 |
|    015-hb-unless-003	|	       97.094	|	        5.310	|	        0.000	|	        0.000 |
|    015-hb-unless-004	|	      116.090	|	        5.459	|	        0.000	|	        0.000 |
|    015-hb-unless-005	|	       96.703	|	        4.988	|	        0.000	|	        0.000 |
|    015-hb-unless-006	|	      116.189	|	        5.137	|	        0.000	|	        0.000 |
|  016-hb-eachthis-001	|	      357.679	|	       19.462	|	        0.000	|	        0.000 |
|  016-hb-eachthis-002	|	      300.466	|	       17.291	|	        0.000	|	        0.000 |
|      017-hb-with-001	|	       85.513	|	        5.425	|	        0.000	|	        0.000 |
|      017-hb-with-002	|	       97.447	|	        5.969	|	        0.000	|	        0.000 |
|      017-hb-with-003	|	       84.722	|	        5.114	|	        0.000	|	        0.000 |
|  018-hb-withwith-001	|	        0.000	|	        6.705	|	        0.000	|	        0.000 |
|  018-hb-withwith-002	|	      292.283	|	       14.148	|	        0.000	|	        0.000 |
|  018-hb-withwith-003	|	      446.604	|	       29.129	|	        0.000	|	        0.000 |
|  018-hb-withwith-004	|	        0.000	|	       12.795	|	        0.000	|	        0.000 |
|  018-hb-withwith-005	|	        0.000	|	       12.780	|	        0.000	|	        0.000 |
|  018-hb-withwith-006	|	        0.000	|	       12.662	|	        0.000	|	        0.000 |
|  018-hb-withwith-007	|	        0.000	|	        7.769	|	        0.000	|	        0.000 |
| 19-hb-eachparent-001	|	    1,203.338	|	       52.374	|	        0.000	|	        0.000 |
| 19-hb-eachparent-002	|	        0.000	|	       50.254	|	        0.000	|	        0.000 |
|   020-hb-doteach-001	|	        0.000	|	        5.617	|	        0.000	|	        0.000 |
|   020-hb-doteach-002	|	      309.336	|	       16.517	|	        0.000	|	        0.000 |
| 21-hb-manyparent-001	|	    3,750.399	|	      122.203	|	        0.000	|	        0.000 |
| 21-hb-manyparent-002	|	    3,774.978	|	      124.611	|	        0.000	|	        0.000 |
| 21-hb-manyparent-003	|	    4,630.142	|	      142.231	|	        0.000	|	        0.000 |
| 21-hb-manyparent-004	|	    6,319.371	|	      307.715	|	        0.000	|	        0.000 |
| 2-simple-partial-001	|	      162.592	|	       25.604	|	        0.000	|	      110.920 |
|   023-hb-partial-001	|	      106.145	|	       11.528	|	        0.000	|	        0.000 |
|   023-hb-partial-002	|	      129.891	|	       15.123	|	        0.000	|	        0.000 |
|   023-hb-partial-003	|	      154.435	|	       16.366	|	        0.000	|	        0.000 |
|   023-hb-partial-004	|	      154.005	|	       20.923	|	        0.000	|	        0.000 |
| 024-hb-eachindex-001	|	    1,163.502	|	       80.752	|	        0.000	|	        0.000 |
| 024-hb-eachindex-002	|	      306.520	|	       23.533	|	        0.000	|	        0.000 |
| 024-hb-eachindex-003	|	      301.321	|	       21.457	|	        0.000	|	        0.000 |
| 024-hb-eachindex-004	|	      309.597	|	       24.427	|	        0.000	|	        0.000 |
| 024-hb-eachindex-005	|	      305.003	|	       21.818	|	        0.000	|	        0.000 |
| 024-hb-eachindex-006	|	      307.453	|	       24.451	|	        0.000	|	        0.000 |
| 024-hb-eachindex-007	|	      303.373	|	       23.860	|	        0.000	|	        0.000 |
| 024-hb-eachindex-008	|	      310.632	|	       24.228	|	        0.000	|	        0.000 |
| 024-hb-eachindex-009	|	      305.776	|	       24.234	|	        0.000	|	        0.000 |
| 024-hb-eachindex-010	|	      307.478	|	       25.456	|	        0.000	|	        0.000 |
| 024-hb-eachindex-011	|	      308.134	|	       23.786	|	        0.000	|	        0.000 |
| 024-hb-eachindex-012	|	      302.484	|	       22.621	|	        0.000	|	        0.000 |
| hb-partialparent-001	|	      492.740	|	       33.453	|	        0.000	|	        0.000 |
| hb-partialparent-002	|	      874.835	|	       46.579	|	        0.000	|	        0.000 |
|    026-hb-eachif-001	|	      377.140	|	       34.817	|	        0.000	|	        0.000 |
| 27-hb-arrayindex-001	|	      171.403	|	       11.668	|	        0.000	|	        0.000 |
| 27-hb-arrayindex-002	|	      239.095	|	       13.060	|	        0.000	|	        0.000 |
| 27-hb-arrayindex-003	|	      427.944	|	       26.108	|	        0.000	|	        0.000 |
|     028-hb-advar-001	|	      134.726	|	        5.984	|	       30.919	|	       24.785 |
|     028-hb-advar-002	|	      134.906	|	        5.989	|	       31.451	|	       24.869 |
|     028-hb-advar-003	|	      137.756	|	        5.849	|	       31.529	|	       27.381 |
| 029-hb-quotedarg-001	|	        0.000	|	       21.384	|	        0.000	|	        0.000 |
| 029-hb-quotedarg-002	|	        0.000	|	       20.159	|	        0.000	|	        0.000 |
| 029-hb-quotedarg-003	|	        0.000	|	       20.439	|	        0.000	|	        0.000 |
|  030-hb-namedarg-001	|	        0.000	|	       34.952	|	       28.701	|	       20.174 |
|  030-hb-namedarg-002	|	        0.000	|	       35.000	|	       28.348	|	       20.485 |
| 031-hb-blockhelp-001	|	        0.000	|	       21.008	|	        0.000	|	        0.000 |
| 031-hb-blockhelp-002	|	        0.000	|	       51.991	|	        0.000	|	        0.000 |
|    032-hb-helper-001	|	      124.175	|	       14.396	|	        0.000	|	        0.000 |
|    032-hb-helper-002	|	      416.902	|	       39.247	|	        0.000	|	        0.000 |
|    032-hb-helper-003	|	      434.774	|	       39.661	|	        0.000	|	        0.000 |
|    032-hb-helper-004	|	      570.111	|	       51.765	|	        0.000	|	        0.000 |
|    032-hb-helper-005	|	      262.824	|	       27.976	|	        0.000	|	        0.000 |
|  livetest-001-hb-001	|	   67,883.683	|	    2,713.067	|	        0.000	|	        0.000 |
|  livetest-002-hb-001	|	      395.430	|	       20.716	|	        0.000	|	        0.000 |
