Test libraries in *100000* times, results as N seconds
*In this test lightncandy is configured as PHP VARIABLE OUTPUT*
|	test case	| handlebars.php	|	lightncandy	|	mustache-php	|	mustache.php	|
|  001-simple-vars-001	|	      158.386	|	        0.000	|	        0.000	|	       32.693 |
|  001-simple-vars-002	|	        0.000	|	        0.000	|	        0.000	|	        0.000 |
|  001-simple-vars-003	|	      158.855	|	        7.374	|	        0.000	|	       23.440 |
|  001-simple-vars-004	|	      154.142	|	        0.000	|	        0.000	|	       32.497 |
|  001-simple-vars-005	|	      154.574	|	        0.000	|	        0.000	|	       32.234 |
|  001-simple-vars-006	|	        0.000	|	        0.000	|	        0.000	|	        0.000 |
|    002-simple-if-001	|	      118.557	|	       11.485	|	       37.435	|	       31.784 |
|    002-simple-if-002	|	       87.668	|	       10.390	|	       24.795	|	       23.386 |
|    002-simple-if-003	|	        0.000	|	       10.228	|	       23.159	|	       23.019 |
|  003-simple-else-001	|	      140.885	|	       11.263	|	       43.292	|	       34.679 |
|  003-simple-else-002	|	      139.866	|	        0.000	|	       44.174	|	       29.520 |
|  003-simple-else-003	|	        0.000	|	       12.078	|	       41.775	|	       28.861 |
|  003-simple-else-004	|	        0.000	|	       12.196	|	        0.000	|	        0.000 |
|  003-simple-else-005	|	        0.000	|	        0.000	|	        0.000	|	        0.000 |
|  003-simple-else-006	|	        0.000	|	       12.154	|	        0.000	|	        0.000 |
|  003-simple-else-007	|	        0.000	|	       12.368	|	        0.000	|	        0.000 |
|  003-simple-else-008	|	        0.000	|	       12.241	|	        0.000	|	        0.000 |
|  003-simple-else-009	|	      143.471	|	       11.223	|	       42.165	|	       28.985 |
|  003-simple-else-010	|	        0.000	|	       11.735	|	        0.000	|	        0.000 |
|  003-simple-else-011	|	        0.000	|	       11.720	|	        0.000	|	        0.000 |
|  003-simple-else-012	|	        0.000	|	       12.343	|	        0.000	|	        0.000 |
| 004-simple-mvars-001	|	      641.517	|	       17.908	|	      154.666	|	      119.154 |
| 004-simple-mvars-002	|	      636.329	|	       17.538	|	      153.813	|	      120.490 |
| 004-simple-mvars-003	|	      640.007	|	       20.236	|	      128.785	|	       84.502 |
| 004-simple-mvars-004	|	      625.195	|	       18.241	|	      153.992	|	      122.410 |
| 05-simple-escape-001	|	      110.720	|	        5.471	|	        0.000	|	       24.901 |
| 05-simple-escape-002	|	      110.642	|	        4.915	|	        0.000	|	       23.716 |
| 05-simple-escape-003	|	        0.000	|	        4.872	|	        0.000	|	        0.000 |
| 6-simple-section-001	|	      246.008	|	       18.808	|	       65.142	|	       53.211 |
| 6-simple-section-002	|	        0.000	|	       11.160	|	       28.159	|	       27.743 |
| 6-simple-section-003	|	        0.000	|	        0.000	|	        0.000	|	        0.000 |
| 6-simple-section-004	|	        0.000	|	       12.673	|	        0.000	|	        0.000 |
| 6-simple-section-005	|	      122.592	|	       10.940	|	       30.680	|	       26.971 |
| 6-simple-section-006	|	      178.550	|	       12.516	|	       47.612	|	       42.028 |
| 6-simple-section-007	|	      242.622	|	       18.514	|	       64.974	|	       55.380 |
| 6-simple-section-008	|	      317.349	|	       20.536	|	       81.987	|	       65.101 |
| 6-simple-section-009	|	        0.000	|	        0.000	|	        0.000	|	        0.000 |
| -simple-sections-001	|	        0.000	|	        0.000	|	      133.934	|	       92.732 |
| -simple-sections-002	|	      210.157	|	        0.000	|	       71.503	|	       51.991 |
| -simple-sections-003	|	        0.000	|	        0.000	|	      132.818	|	       94.146 |
| -simple-sections-004	|	       86.507	|	       15.042	|	       27.431	|	       25.405 |
| 8-simple-comment-001	|	        0.000	|	        9.961	|	       24.696	|	       22.177 |
| 8-simple-comment-002	|	      121.436	|	       10.905	|	       36.336	|	       31.935 |
|   009-simple-dot-001	|	      214.915	|	        7.444	|	        0.000	|	       76.985 |
|   009-simple-dot-002	|	      205.492	|	        7.254	|	        0.000	|	       40.566 |
|   009-simple-dot-003	|	      223.671	|	        6.692	|	        0.000	|	       69.309 |
| le-doublesection-001	|	        0.000	|	       29.116	|	       72.317	|	        0.000 |
| le-doublesection-002	|	        0.000	|	        0.000	|	        0.000	|	        0.000 |
| le-doublesection-003	|	        0.000	|	        0.000	|	        0.000	|	        0.000 |
| le-doublesection-004	|	        0.000	|	        0.000	|	        0.000	|	        0.000 |
| le-doublesection-005	|	        0.000	|	        0.000	|	        0.000	|	        0.000 |
| 1-simple-context-001	|	        0.000	|	       45.978	|	        0.000	|	        0.000 |
| 1-simple-context-002	|	        0.000	|	       47.209	|	        0.000	|	        0.000 |
|  012-simple-this-001	|	        0.000	|	        0.000	|	        0.000	|	        0.000 |
|  012-simple-this-002	|	        0.000	|	        0.000	|	        0.000	|	        0.000 |
|  012-simple-this-003	|	        0.000	|	        0.000	|	        0.000	|	        0.000 |
|  012-simple-this-004	|	      312.523	|	        0.000	|	        0.000	|	        0.000 |
|  012-simple-this-005	|	        0.000	|	        0.000	|	        0.000	|	        0.000 |
|  012-simple-this-006	|	        0.000	|	        0.000	|	        0.000	|	        0.000 |
|      013-hb-each-001	|	      264.621	|	       17.805	|	        0.000	|	        0.000 |
|      013-hb-each-002	|	      137.173	|	       10.666	|	        0.000	|	        0.000 |
|      013-hb-each-003	|	      136.562	|	       10.116	|	        0.000	|	        0.000 |
|      013-hb-each-004	|	      126.659	|	       10.201	|	        0.000	|	        0.000 |
|      013-hb-each-005	|	      141.082	|	       10.656	|	        0.000	|	        0.000 |
|      013-hb-each-006	|	      126.681	|	       10.303	|	        0.000	|	        0.000 |
|      013-hb-each-007	|	      267.372	|	       18.731	|	        0.000	|	        0.000 |
|      013-hb-each-008	|	      337.746	|	       21.282	|	        0.000	|	        0.000 |
|      013-hb-each-009	|	        0.000	|	        0.000	|	        0.000	|	        0.000 |
|        014-hb-if-001	|	      307.516	|	       19.515	|	        0.000	|	        0.000 |
|        014-hb-if-002	|	      348.573	|	       20.923	|	        0.000	|	        0.000 |
|        014-hb-if-003	|	      344.680	|	       23.678	|	        0.000	|	        0.000 |
|        014-hb-if-004	|	      337.151	|	       23.402	|	        0.000	|	        0.000 |
|        014-hb-if-005	|	      311.612	|	       20.080	|	        0.000	|	        0.000 |
|        014-hb-if-006	|	      306.955	|	       21.881	|	        0.000	|	        0.000 |
|        014-hb-if-007	|	      349.832	|	       23.585	|	        0.000	|	        0.000 |
|        014-hb-if-008	|	      306.756	|	       20.418	|	        0.000	|	        0.000 |
|    015-hb-unless-001	|	      269.925	|	       15.112	|	        0.000	|	        0.000 |
|    015-hb-unless-002	|	      225.821	|	       14.912	|	        0.000	|	        0.000 |
|    015-hb-unless-003	|	      224.560	|	       16.005	|	        0.000	|	        0.000 |
|    015-hb-unless-004	|	      265.005	|	       16.941	|	        0.000	|	        0.000 |
|    015-hb-unless-005	|	      234.412	|	       15.920	|	        0.000	|	        0.000 |
|    015-hb-unless-006	|	      265.200	|	       15.654	|	        0.000	|	        0.000 |
|  016-hb-eachthis-001	|	      833.390	|	        0.000	|	        0.000	|	        0.000 |
|  016-hb-eachthis-002	|	      692.152	|	        0.000	|	        0.000	|	        0.000 |
|      017-hb-with-001	|	        0.000	|	        0.000	|	        0.000	|	        0.000 |
|      017-hb-with-002	|	        0.000	|	        0.000	|	        0.000	|	        0.000 |
|      017-hb-with-003	|	        0.000	|	        0.000	|	        0.000	|	        0.000 |
|  018-hb-withwith-001	|	        0.000	|	        0.000	|	        0.000	|	        0.000 |
|  018-hb-withwith-002	|	        0.000	|	        0.000	|	        0.000	|	        0.000 |
|  018-hb-withwith-003	|	        0.000	|	        0.000	|	        0.000	|	        0.000 |
|  018-hb-withwith-004	|	        0.000	|	        0.000	|	        0.000	|	        0.000 |
|  018-hb-withwith-005	|	        0.000	|	        0.000	|	        0.000	|	        0.000 |
|  018-hb-withwith-006	|	        0.000	|	        0.000	|	        0.000	|	        0.000 |
|  018-hb-withwith-007	|	        0.000	|	        0.000	|	        0.000	|	        0.000 |
| 19-hb-eachparent-001	|	        0.000	|	        0.000	|	        0.000	|	        0.000 |
| 19-hb-eachparent-002	|	        0.000	|	        0.000	|	        0.000	|	        0.000 |
|   020-hb-doteach-001	|	        0.000	|	       16.606	|	        0.000	|	        0.000 |
|   020-hb-doteach-002	|	      730.853	|	       36.277	|	        0.000	|	        0.000 |
| 21-hb-manyparent-001	|	        0.000	|	        0.000	|	        0.000	|	        0.000 |
| 21-hb-manyparent-002	|	        0.000	|	        0.000	|	        0.000	|	        0.000 |
| 21-hb-manyparent-003	|	        0.000	|	        0.000	|	        0.000	|	        0.000 |
| 21-hb-manyparent-004	|	        0.000	|	        0.000	|	        0.000	|	        0.000 |
| 2-simple-partial-001	|	        0.000	|	        0.000	|	        0.000	|	        0.000 |
|   023-hb-partial-001	|	        0.000	|	        0.000	|	        0.000	|	        0.000 |
|   023-hb-partial-002	|	        0.000	|	        0.000	|	        0.000	|	        0.000 |
|   023-hb-partial-003	|	        0.000	|	        0.000	|	        0.000	|	        0.000 |
|   023-hb-partial-004	|	        0.000	|	        0.000	|	        0.000	|	        0.000 |
| 024-hb-eachindex-001	|	        0.000	|	        0.000	|	        0.000	|	        0.000 |
| 024-hb-eachindex-002	|	        0.000	|	        0.000	|	        0.000	|	        0.000 |
| 024-hb-eachindex-003	|	        0.000	|	        0.000	|	        0.000	|	        0.000 |
| 024-hb-eachindex-004	|	        0.000	|	        0.000	|	        0.000	|	        0.000 |
| 024-hb-eachindex-005	|	        0.000	|	        0.000	|	        0.000	|	        0.000 |
| 024-hb-eachindex-006	|	        0.000	|	        0.000	|	        0.000	|	        0.000 |
| 024-hb-eachindex-007	|	        0.000	|	        0.000	|	        0.000	|	        0.000 |
| 024-hb-eachindex-008	|	        0.000	|	        0.000	|	        0.000	|	        0.000 |
| 024-hb-eachindex-009	|	        0.000	|	        0.000	|	        0.000	|	        0.000 |
| 024-hb-eachindex-010	|	        0.000	|	        0.000	|	        0.000	|	        0.000 |
| 024-hb-eachindex-011	|	        0.000	|	        0.000	|	        0.000	|	        0.000 |
| 024-hb-eachindex-012	|	        0.000	|	        0.000	|	        0.000	|	        0.000 |
| hb-partialparent-001	|	        0.000	|	        0.000	|	        0.000	|	        0.000 |
| hb-partialparent-002	|	        0.000	|	        0.000	|	        0.000	|	        0.000 |
|    026-hb-eachif-001	|	        0.000	|	        0.000	|	        0.000	|	        0.000 |
| 27-hb-arrayindex-001	|	        0.000	|	        0.000	|	        0.000	|	        0.000 |
| 27-hb-arrayindex-002	|	        0.000	|	        0.000	|	        0.000	|	        0.000 |
| 27-hb-arrayindex-003	|	        0.000	|	        0.000	|	        0.000	|	        0.000 |
|     028-hb-advar-001	|	      318.457	|	        0.000	|	        0.000	|	        0.000 |
|     028-hb-advar-002	|	      322.316	|	        0.000	|	        0.000	|	        0.000 |
|     028-hb-advar-003	|	      327.849	|	        0.000	|	        0.000	|	        0.000 |
| 029-hb-quotedarg-001	|	        0.000	|	        0.000	|	        0.000	|	        0.000 |
|  livetest-001-hb-001	|	        0.000	|	        0.000	|	        0.000	|	        0.000 |
|  livetest-002-hb-001	|	        0.000	|	        0.000	|	        0.000	|	        0.000 |
