Test libraries in *100000* times, results as N seconds
*In this test lightncandy is configured as PHP VARIABLE OUTPUT*
|	test case	| handlebars.php	|	lightncandy	|	mustache-php	|	mustache.php	|
|  001-simple-vars-001	|	       64.028	|	        4.225	|	        0.000	|	       10.745 |
|  001-simple-vars-002	|	        0.000	|	        0.000	|	        0.000	|	        0.000 |
|  001-simple-vars-003	|	       62.642	|	        4.279	|	        0.000	|	        6.287 |
|  001-simple-vars-004	|	       63.495	|	        4.053	|	        0.000	|	       10.088 |
|  001-simple-vars-005	|	       62.912	|	        3.934	|	        0.000	|	        9.879 |
|  001-simple-vars-006	|	        0.000	|	        0.000	|	        0.000	|	        0.000 |
|    002-simple-if-001	|	       51.603	|	        4.442	|	       14.674	|	       10.243 |
|    002-simple-if-002	|	       36.149	|	        3.939	|	       10.569	|	        7.224 |
|    002-simple-if-003	|	        0.000	|	        4.154	|	        9.368	|	        7.097 |
|  003-simple-else-001	|	       57.701	|	        4.880	|	       17.474	|	       11.479 |
|  003-simple-else-002	|	       58.821	|	        4.684	|	       17.425	|	        9.768 |
|  003-simple-else-003	|	        0.000	|	        5.114	|	       16.237	|	       10.056 |
|  003-simple-else-004	|	        0.000	|	        4.800	|	        0.000	|	        0.000 |
|  003-simple-else-005	|	        0.000	|	        0.000	|	        0.000	|	        0.000 |
|  003-simple-else-006	|	        0.000	|	        5.197	|	        0.000	|	        0.000 |
|  003-simple-else-007	|	        0.000	|	        5.201	|	        0.000	|	        0.000 |
|  003-simple-else-008	|	        0.000	|	        5.203	|	        0.000	|	        0.000 |
|  003-simple-else-009	|	       58.460	|	        4.644	|	       17.265	|	       10.184 |
|  003-simple-else-010	|	        0.000	|	        4.819	|	        0.000	|	        0.000 |
|  003-simple-else-011	|	        0.000	|	        5.220	|	        0.000	|	        0.000 |
|  003-simple-else-012	|	        0.000	|	        5.303	|	        0.000	|	        0.000 |
| 004-simple-mvars-001	|	      264.183	|	        9.464	|	       61.163	|	       38.929 |
| 004-simple-mvars-002	|	      263.764	|	        9.995	|	       62.494	|	       38.391 |
| 004-simple-mvars-003	|	      264.971	|	       10.156	|	       52.288	|	       21.076 |
| 004-simple-mvars-004	|	      255.497	|	       10.673	|	       61.549	|	       38.241 |
| 05-simple-escape-001	|	       44.954	|	        3.263	|	        0.000	|	        7.707 |
| 05-simple-escape-002	|	       45.530	|	        3.245	|	        0.000	|	        7.098 |
| 05-simple-escape-003	|	        0.000	|	        3.352	|	        0.000	|	        0.000 |
| 6-simple-section-001	|	      105.254	|	        8.091	|	       26.966	|	       17.509 |
| 6-simple-section-002	|	        0.000	|	        4.712	|	       11.793	|	        8.765 |
| 6-simple-section-003	|	        0.000	|	        0.000	|	        0.000	|	        0.000 |
| 6-simple-section-004	|	        0.000	|	        5.384	|	        0.000	|	        0.000 |
| 6-simple-section-005	|	       50.299	|	        4.558	|	       12.602	|	        9.405 |
| 6-simple-section-006	|	       76.075	|	        5.634	|	       19.346	|	       13.819 |
| 6-simple-section-007	|	      104.485	|	        8.659	|	       26.926	|	       17.796 |
| 6-simple-section-008	|	      132.753	|	       11.463	|	       32.259	|	       21.752 |
| 6-simple-section-009	|	        0.000	|	        0.000	|	        0.000	|	        0.000 |
| -simple-sections-001	|	        0.000	|	       15.567	|	       54.907	|	       28.698 |
| -simple-sections-002	|	       89.731	|	        9.654	|	       29.207	|	       16.872 |
| -simple-sections-003	|	        0.000	|	       15.358	|	       55.285	|	       28.552 |
| -simple-sections-004	|	       35.099	|	        4.583	|	       11.114	|	        7.975 |
| 8-simple-comment-001	|	        0.000	|	        4.160	|	        9.355	|	        7.444 |
| 8-simple-comment-002	|	       49.119	|	        5.570	|	       14.549	|	       10.410 |
|   009-simple-dot-001	|	       89.022	|	        5.382	|	        0.000	|	       24.081 |
|   009-simple-dot-002	|	       84.054	|	        4.483	|	        0.000	|	       13.917 |
|   009-simple-dot-003	|	       88.305	|	        4.159	|	        0.000	|	       21.473 |
| le-doublesection-001	|	        0.000	|	        9.254	|	       28.553	|	        0.000 |
| le-doublesection-002	|	        0.000	|	        0.000	|	        0.000	|	        0.000 |
| le-doublesection-003	|	        0.000	|	        0.000	|	        0.000	|	        0.000 |
| le-doublesection-004	|	        0.000	|	        0.000	|	        0.000	|	        0.000 |
| le-doublesection-005	|	        0.000	|	        0.000	|	        0.000	|	        0.000 |
| 1-simple-context-001	|	        0.000	|	       20.507	|	        0.000	|	        0.000 |
| 1-simple-context-002	|	        0.000	|	       19.252	|	        0.000	|	        0.000 |
|  012-simple-this-001	|	        0.000	|	        0.000	|	        0.000	|	        0.000 |
|  012-simple-this-002	|	        0.000	|	        0.000	|	        0.000	|	        0.000 |
|  012-simple-this-003	|	        0.000	|	        0.000	|	        0.000	|	        0.000 |
|  012-simple-this-004	|	      119.609	|	        8.190	|	        0.000	|	        0.000 |
|  012-simple-this-005	|	        0.000	|	        0.000	|	        0.000	|	        0.000 |
|  012-simple-this-006	|	        0.000	|	        0.000	|	        0.000	|	        0.000 |
|      013-hb-each-001	|	      113.333	|	        8.055	|	        0.000	|	        0.000 |
|      013-hb-each-002	|	       57.464	|	        4.531	|	        0.000	|	        0.000 |
|      013-hb-each-003	|	       57.951	|	        4.308	|	        0.000	|	        0.000 |
|      013-hb-each-004	|	       52.594	|	        4.304	|	        0.000	|	        0.000 |
|      013-hb-each-005	|	       58.408	|	        4.336	|	        0.000	|	        0.000 |
|      013-hb-each-006	|	       52.347	|	        4.344	|	        0.000	|	        0.000 |
|      013-hb-each-007	|	      113.945	|	        8.618	|	        0.000	|	        0.000 |
|      013-hb-each-008	|	      149.178	|	        9.377	|	        0.000	|	        0.000 |
|      013-hb-each-009	|	        0.000	|	        0.000	|	        0.000	|	        0.000 |
|        014-hb-if-001	|	      126.576	|	        5.700	|	        0.000	|	        0.000 |
|        014-hb-if-002	|	      148.351	|	        6.072	|	        0.000	|	        0.000 |
|        014-hb-if-003	|	      146.716	|	        6.683	|	        0.000	|	        0.000 |
|        014-hb-if-004	|	      147.794	|	        6.807	|	        0.000	|	        0.000 |
|        014-hb-if-005	|	      128.689	|	        5.517	|	        0.000	|	        0.000 |
|        014-hb-if-006	|	      127.645	|	        6.181	|	        0.000	|	        0.000 |
|        014-hb-if-007	|	      147.740	|	        6.630	|	        0.000	|	        0.000 |
|        014-hb-if-008	|	      126.181	|	        5.560	|	        0.000	|	        0.000 |
|    015-hb-unless-001	|	      113.720	|	        5.267	|	        0.000	|	        0.000 |
|    015-hb-unless-002	|	       94.662	|	        4.806	|	        0.000	|	        0.000 |
|    015-hb-unless-003	|	       95.767	|	        5.074	|	        0.000	|	        0.000 |
|    015-hb-unless-004	|	      113.229	|	        5.417	|	        0.000	|	        0.000 |
|    015-hb-unless-005	|	       94.810	|	        4.966	|	        0.000	|	        0.000 |
|    015-hb-unless-006	|	      116.773	|	        5.118	|	        0.000	|	        0.000 |
|  016-hb-eachthis-001	|	      346.657	|	       19.494	|	        0.000	|	        0.000 |
|  016-hb-eachthis-002	|	      295.160	|	       16.960	|	        0.000	|	        0.000 |
|      017-hb-with-001	|	        0.000	|	        5.858	|	        0.000	|	        0.000 |
|      017-hb-with-002	|	        0.000	|	        5.894	|	        0.000	|	        0.000 |
|      017-hb-with-003	|	        0.000	|	        4.554	|	        0.000	|	        0.000 |
|  018-hb-withwith-001	|	        0.000	|	        6.588	|	        0.000	|	        0.000 |
|  018-hb-withwith-002	|	        0.000	|	       14.133	|	        0.000	|	        0.000 |
|  018-hb-withwith-003	|	        0.000	|	       29.281	|	        0.000	|	        0.000 |
|  018-hb-withwith-004	|	        0.000	|	        0.000	|	        0.000	|	        0.000 |
|  018-hb-withwith-005	|	        0.000	|	       12.729	|	        0.000	|	        0.000 |
|  018-hb-withwith-006	|	        0.000	|	       12.759	|	        0.000	|	        0.000 |
|  018-hb-withwith-007	|	        0.000	|	        6.529	|	        0.000	|	        0.000 |
| 19-hb-eachparent-001	|	        0.000	|	       53.982	|	        0.000	|	        0.000 |
| 19-hb-eachparent-002	|	        0.000	|	       50.613	|	        0.000	|	        0.000 |
|   020-hb-doteach-001	|	        0.000	|	        5.619	|	        0.000	|	        0.000 |
|   020-hb-doteach-002	|	      299.224	|	       16.320	|	        0.000	|	        0.000 |
| 21-hb-manyparent-001	|	        0.000	|	      122.035	|	        0.000	|	        0.000 |
| 21-hb-manyparent-002	|	        0.000	|	      123.149	|	        0.000	|	        0.000 |
| 21-hb-manyparent-003	|	        0.000	|	      144.359	|	        0.000	|	        0.000 |
| 21-hb-manyparent-004	|	        0.000	|	        0.000	|	        0.000	|	        0.000 |
| 2-simple-partial-001	|	        0.000	|	        0.000	|	        0.000	|	        0.000 |
|   023-hb-partial-001	|	        0.000	|	       11.418	|	        0.000	|	        0.000 |
|   023-hb-partial-002	|	        0.000	|	       15.001	|	        0.000	|	        0.000 |
|   023-hb-partial-003	|	        0.000	|	       16.280	|	        0.000	|	        0.000 |
|   023-hb-partial-004	|	        0.000	|	       19.901	|	        0.000	|	        0.000 |
| 024-hb-eachindex-001	|	        0.000	|	        0.000	|	        0.000	|	        0.000 |
| 024-hb-eachindex-002	|	        0.000	|	       22.911	|	        0.000	|	        0.000 |
| 024-hb-eachindex-003	|	        0.000	|	       22.417	|	        0.000	|	        0.000 |
| 024-hb-eachindex-004	|	        0.000	|	       23.600	|	        0.000	|	        0.000 |
| 024-hb-eachindex-005	|	        0.000	|	       21.481	|	        0.000	|	        0.000 |
| 024-hb-eachindex-006	|	        0.000	|	       24.054	|	        0.000	|	        0.000 |
| 024-hb-eachindex-007	|	        0.000	|	       23.753	|	        0.000	|	        0.000 |
| 024-hb-eachindex-008	|	        0.000	|	       23.929	|	        0.000	|	        0.000 |
| 024-hb-eachindex-009	|	        0.000	|	       23.683	|	        0.000	|	        0.000 |
| 024-hb-eachindex-010	|	        0.000	|	       25.468	|	        0.000	|	        0.000 |
| 024-hb-eachindex-011	|	        0.000	|	       24.162	|	        0.000	|	        0.000 |
| 024-hb-eachindex-012	|	        0.000	|	       22.358	|	        0.000	|	        0.000 |
| hb-partialparent-001	|	        0.000	|	        0.000	|	        0.000	|	        0.000 |
| hb-partialparent-002	|	        0.000	|	        0.000	|	        0.000	|	        0.000 |
|    026-hb-eachif-001	|	        0.000	|	        0.000	|	        0.000	|	        0.000 |
| 27-hb-arrayindex-001	|	        0.000	|	       11.726	|	        0.000	|	        0.000 |
| 27-hb-arrayindex-002	|	        0.000	|	       13.474	|	        0.000	|	        0.000 |
| 27-hb-arrayindex-003	|	        0.000	|	        0.000	|	        0.000	|	        0.000 |
|     028-hb-advar-001	|	      132.461	|	        5.963	|	        0.000	|	        0.000 |
|     028-hb-advar-002	|	      136.129	|	        6.104	|	        0.000	|	        0.000 |
|     028-hb-advar-003	|	      137.145	|	        5.740	|	        0.000	|	        0.000 |
| 029-hb-quotedarg-001	|	        0.000	|	       21.419	|	        0.000	|	        0.000 |
| 029-hb-quotedarg-002	|	        0.000	|	       20.328	|	        0.000	|	        0.000 |
| 029-hb-quotedarg-003	|	        0.000	|	       20.005	|	        0.000	|	        0.000 |
|  030-hb-namedarg-001	|	        0.000	|	       35.103	|	        0.000	|	        0.000 |
|  030-hb-namedarg-002	|	        0.000	|	       34.237	|	        0.000	|	        0.000 |
| 031-hb-blockhelp-001	|	        0.000	|	        0.000	|	        0.000	|	        0.000 |
| 031-hb-blockhelp-002	|	        0.000	|	        0.000	|	        0.000	|	        0.000 |
|    032-hb-helper-001	|	        0.000	|	       14.430	|	        0.000	|	        0.000 |
|    032-hb-helper-002	|	        0.000	|	       39.232	|	        0.000	|	        0.000 |
|    032-hb-helper-003	|	        0.000	|	       39.517	|	        0.000	|	        0.000 |
|    032-hb-helper-004	|	        0.000	|	       50.518	|	        0.000	|	        0.000 |
|    032-hb-helper-005	|	      258.928	|	       26.897	|	        0.000	|	        0.000 |
|  livetest-001-hb-001	|	        0.000	|	    2,653.425	|	        0.000	|	        0.000 |
|  livetest-002-hb-001	|	        0.000	|	        0.000	|	        0.000	|	        0.000 |
