Test libraries in *100000* times, results as N seconds
*In this test lightncandy is configured as HANDLEBARS*
|	test case	| handlebars.php	|	lightncandy	|	mustache-php	|	mustache.php	|
|  001-simple-vars-001	|	       79.169	|	        2.917	|	       14.008	|	       10.437 |
|  001-simple-vars-002	|	       77.414	|	        2.929	|	       14.533	|	       10.299 |
|  001-simple-vars-003	|	       77.430	|	        2.472	|	       13.064	|	        6.284 |
|  001-simple-vars-004	|	       78.526	|	        3.138	|	       14.976	|	       10.067 |
|  001-simple-vars-005	|	       77.645	|	        3.047	|	       14.520	|	       10.335 |
|  001-simple-vars-006	|	       82.561	|	        3.701	|	       15.101	|	       19.803 |
|    002-simple-if-001	|	       64.724	|	        3.618	|	       14.307	|	       10.227 |
|    002-simple-if-002	|	       44.953	|	        3.180	|	       10.145	|	        7.187 |
|    002-simple-if-003	|	        0.000	|	        3.172	|	        9.333	|	        7.457 |
|  003-simple-else-001	|	       73.643	|	        4.300	|	       17.480	|	       11.099 |
|  003-simple-else-002	|	       74.509	|	        4.279	|	       17.474	|	        9.719 |
|  003-simple-else-003	|	        0.000	|	        4.269	|	       16.200	|	       10.125 |
|  003-simple-else-004	|	       73.555	|	        4.295	|	       17.463	|	       11.069 |
|  003-simple-else-005	|	       74.716	|	        4.332	|	       17.728	|	        9.839 |
|  003-simple-else-006	|	       77.448	|	        4.825	|	       17.788	|	        9.582 |
|  003-simple-else-007	|	       73.445	|	        4.315	|	       22.096	|	        9.643 |
|  003-simple-else-008	|	       73.921	|	        4.296	|	       17.692	|	       11.122 |
|  003-simple-else-009	|	       73.899	|	        4.276	|	       17.216	|	        9.754 |
|  003-simple-else-010	|	       73.504	|	        4.300	|	       17.423	|	       11.054 |
|  003-simple-else-011	|	       73.737	|	        4.759	|	       17.565	|	       10.847 |
|  003-simple-else-012	|	       73.277	|	        4.340	|	       17.961	|	       10.902 |
| 004-simple-mvars-001	|	      326.317	|	        8.874	|	       60.506	|	       39.543 |
| 004-simple-mvars-002	|	      325.294	|	        9.537	|	       61.132	|	       38.807 |
| 004-simple-mvars-003	|	      324.755	|	        6.895	|	       52.087	|	       21.185 |
| 004-simple-mvars-004	|	      322.767	|	       10.891	|	       61.155	|	       38.243 |
| 05-simple-escape-001	|	       81.175	|	        2.576	|	       16.197	|	       10.405 |
| 05-simple-escape-002	|	       79.705	|	        3.746	|	       16.284	|	        9.265 |
| 05-simple-escape-003	|	       79.861	|	        2.752	|	       16.679	|	        9.164 |
| 6-simple-section-001	|	      130.100	|	        8.092	|	       27.309	|	       17.384 |
| 6-simple-section-002	|	        0.000	|	        3.625	|	       11.769	|	        8.776 |
| 6-simple-section-003	|	       62.932	|	        4.258	|	       13.006	|	        8.885 |
| 6-simple-section-004	|	       96.308	|	        4.240	|	       19.722	|	       13.361 |
| 6-simple-section-005	|	       62.901	|	        3.590	|	       12.582	|	        8.924 |
| 6-simple-section-006	|	       95.444	|	        4.177	|	       19.366	|	       13.786 |
| 6-simple-section-007	|	      136.818	|	        8.175	|	       27.323	|	       18.017 |
| 6-simple-section-008	|	      168.516	|	        9.209	|	       32.196	|	       22.459 |
| 6-simple-section-009	|	      410.279	|	       16.985	|	       76.913	|	       48.499 |
| 6-simple-section-010	|	       64.506	|	        5.139	|	       12.675	|	        8.943 |
| 6-simple-section-011	|	       64.378	|	        5.145	|	       12.542	|	        8.919 |
| -simple-sections-001	|	        0.000	|	       14.792	|	       54.812	|	       29.173 |
| -simple-sections-002	|	      116.290	|	        9.281	|	       29.023	|	       16.710 |
| -simple-sections-003	|	        0.000	|	       14.739	|	       54.761	|	       28.427 |
| -simple-sections-004	|	       45.319	|	        3.703	|	       11.082	|	        7.863 |
| -simple-sections-005	|	        0.000	|	       22.063	|	       57.875	|	       32.662 |
| 8-simple-comment-001	|	        0.000	|	        3.151	|	        9.299	|	        7.393 |
| 8-simple-comment-002	|	       63.068	|	        3.643	|	       16.323	|	       10.160 |
|   009-simple-dot-001	|	      105.254	|	        4.100	|	       22.285	|	       24.145 |
|   009-simple-dot-002	|	      101.520	|	        3.533	|	       18.325	|	       13.416 |
|   009-simple-dot-003	|	      104.825	|	        3.274	|	       21.231	|	       21.169 |
| le-doublesection-001	|	        0.000	|	        7.035	|	       28.812	|	       15.222 |
| le-doublesection-002	|	        0.000	|	        7.155	|	       32.987	|	       19.161 |
| le-doublesection-003	|	        0.000	|	       11.445	|	       50.790	|	       30.311 |
| le-doublesection-004	|	        0.000	|	       11.664	|	       52.308	|	       29.815 |
| le-doublesection-005	|	      395.770	|	       24.162	|	       91.170	|	       54.132 |
| 1-simple-context-001	|	      308.219	|	       18.961	|	       71.016	|	       42.277 |
| 1-simple-context-002	|	      310.627	|	       19.564	|	       66.737	|	       42.609 |
|  012-simple-this-001	|	       85.369	|	        5.543	|	       20.972	|	       17.587 |
|  012-simple-this-002	|	      122.254	|	        5.622	|	       21.178	|	       18.309 |
|  012-simple-this-003	|	      167.981	|	        9.218	|	       40.072	|	       28.596 |
|  012-simple-this-004	|	      159.699	|	        8.136	|	       39.359	|	       23.562 |
|  012-simple-this-005	|	      214.721	|	       10.199	|	       50.605	|	       39.636 |
|  012-simple-this-006	|	      217.778	|	       10.615	|	       58.224	|	       37.615 |
|      013-hb-each-001	|	      144.860	|	        8.051	|	        0.000	|	        0.000 |
|      013-hb-each-002	|	       74.710	|	        3.358	|	        0.000	|	        0.000 |
|      013-hb-each-003	|	       74.161	|	        3.387	|	        0.000	|	        0.000 |
|      013-hb-each-004	|	       67.566	|	        4.455	|	        0.000	|	        0.000 |
|      013-hb-each-005	|	       74.692	|	        3.393	|	        0.000	|	        0.000 |
|      013-hb-each-006	|	       69.375	|	        3.407	|	        0.000	|	        0.000 |
|      013-hb-each-007	|	      148.522	|	        8.192	|	        0.000	|	        0.000 |
|      013-hb-each-008	|	      186.004	|	        9.284	|	        0.000	|	        0.000 |
|      013-hb-each-009	|	      450.336	|	       17.462	|	        0.000	|	        0.000 |
|      013-hb-each-010	|	       74.114	|	        5.148	|	        0.000	|	        0.000 |
|      013-hb-each-011	|	       76.336	|	        5.211	|	        0.000	|	        0.000 |
|        014-hb-if-001	|	      166.841	|	        4.889	|	        0.000	|	        0.000 |
|        014-hb-if-002	|	      191.480	|	        5.299	|	        0.000	|	        0.000 |
|        014-hb-if-003	|	      189.265	|	        5.621	|	        0.000	|	        0.000 |
|        014-hb-if-004	|	      186.492	|	        5.757	|	        0.000	|	        0.000 |
|        014-hb-if-005	|	      164.697	|	        4.565	|	        0.000	|	        0.000 |
|        014-hb-if-006	|	      166.026	|	        4.951	|	        0.000	|	        0.000 |
|        014-hb-if-007	|	      189.199	|	        5.512	|	        0.000	|	        0.000 |
|        014-hb-if-008	|	      163.779	|	        4.640	|	        0.000	|	        0.000 |
|    015-hb-unless-001	|	      140.381	|	        4.398	|	        0.000	|	        0.000 |
|    015-hb-unless-002	|	      120.277	|	        4.157	|	        0.000	|	        0.000 |
|    015-hb-unless-003	|	      118.643	|	        4.402	|	        0.000	|	        0.000 |
|    015-hb-unless-004	|	      141.661	|	        4.791	|	        0.000	|	        0.000 |
|    015-hb-unless-005	|	      118.863	|	        4.317	|	        0.000	|	        0.000 |
|    015-hb-unless-006	|	      142.085	|	        4.498	|	        0.000	|	        0.000 |
|  016-hb-eachthis-001	|	      444.462	|	       18.179	|	        0.000	|	        0.000 |
|  016-hb-eachthis-002	|	      373.563	|	       16.157	|	        0.000	|	        0.000 |
|      017-hb-with-001	|	      117.948	|	        4.777	|	        0.000	|	        0.000 |
|      017-hb-with-002	|	      133.301	|	        5.001	|	        0.000	|	        0.000 |
|      017-hb-with-003	|	      119.483	|	        4.033	|	        0.000	|	        0.000 |
|  018-hb-withwith-001	|	        0.000	|	        6.195	|	        0.000	|	        0.000 |
|  018-hb-withwith-002	|	      405.478	|	       13.871	|	        0.000	|	        0.000 |
|  018-hb-withwith-003	|	      602.001	|	       32.076	|	        0.000	|	        0.000 |
|  018-hb-withwith-004	|	        0.000	|	       12.622	|	        0.000	|	        0.000 |
|  018-hb-withwith-005	|	        0.000	|	       12.683	|	        0.000	|	        0.000 |
|  018-hb-withwith-006	|	        0.000	|	       12.592	|	        0.000	|	        0.000 |
|  018-hb-withwith-007	|	        0.000	|	        6.172	|	        0.000	|	        0.000 |
| 19-hb-eachparent-001	|	    1,467.091	|	       59.386	|	        0.000	|	        0.000 |
| 19-hb-eachparent-002	|	        0.000	|	       42.717	|	        0.000	|	        0.000 |
|   020-hb-doteach-001	|	        0.000	|	        4.609	|	        0.000	|	        0.000 |
|   020-hb-doteach-002	|	      378.320	|	       16.212	|	        0.000	|	        0.000 |
| 21-hb-manyparent-001	|	    4,626.222	|	      127.055	|	        0.000	|	        0.000 |
| 21-hb-manyparent-002	|	    4,597.476	|	      126.008	|	        0.000	|	        0.000 |
| 21-hb-manyparent-003	|	    5,659.835	|	      145.711	|	        0.000	|	        0.000 |
| 21-hb-manyparent-004	|	    7,872.831	|	      264.196	|	        0.000	|	        0.000 |
| 2-simple-partial-001	|	      210.413	|	       24.732	|	        0.000	|	      112.311 |
|   023-hb-partial-001	|	      139.269	|	       11.375	|	        0.000	|	        0.000 |
|   023-hb-partial-002	|	      167.977	|	       14.174	|	        0.000	|	        0.000 |
|   023-hb-partial-003	|	      209.411	|	       14.688	|	        0.000	|	        0.000 |
|   023-hb-partial-004	|	      212.663	|	       19.311	|	        0.000	|	        0.000 |
| 024-hb-eachindex-001	|	    1,501.362	|	       78.049	|	        0.000	|	        0.000 |
| 024-hb-eachindex-002	|	      405.433	|	       21.579	|	        0.000	|	        0.000 |
| 024-hb-eachindex-003	|	      395.748	|	       22.687	|	        0.000	|	        0.000 |
| 024-hb-eachindex-004	|	      410.628	|	       25.554	|	        0.000	|	        0.000 |
| 024-hb-eachindex-005	|	      396.628	|	       22.468	|	        0.000	|	        0.000 |
| 024-hb-eachindex-006	|	      415.393	|	       26.802	|	        0.000	|	        0.000 |
| 024-hb-eachindex-007	|	      396.165	|	       26.045	|	        0.000	|	        0.000 |
| 024-hb-eachindex-008	|	      411.988	|	       25.590	|	        0.000	|	        0.000 |
| 024-hb-eachindex-009	|	      395.933	|	       25.665	|	        0.000	|	        0.000 |
| 024-hb-eachindex-010	|	      422.234	|	       26.037	|	        0.000	|	        0.000 |
| 024-hb-eachindex-011	|	      412.761	|	       25.645	|	        0.000	|	        0.000 |
| 024-hb-eachindex-012	|	      397.555	|	       23.408	|	        0.000	|	        0.000 |
| hb-partialparent-001	|	      636.886	|	       34.679	|	        0.000	|	        0.000 |
| hb-partialparent-002	|	    1,113.756	|	       48.577	|	        0.000	|	        0.000 |
|    026-hb-eachif-001	|	      519.518	|	       35.600	|	        0.000	|	        0.000 |
| 27-hb-arrayindex-001	|	      225.882	|	       11.715	|	        0.000	|	        0.000 |
| 27-hb-arrayindex-002	|	      302.974	|	       15.985	|	        0.000	|	        0.000 |
| 27-hb-arrayindex-003	|	      545.933	|	       30.067	|	        0.000	|	        0.000 |
|     028-hb-advar-001	|	      228.374	|	        7.234	|	       30.837	|	       25.396 |
|     028-hb-advar-002	|	      164.283	|	        5.288	|	       30.740	|	       24.816 |
|     028-hb-advar-003	|	      163.899	|	        4.671	|	       31.781	|	       26.979 |
| 029-hb-quotedarg-001	|	        0.000	|	       15.847	|	        0.000	|	        0.000 |
| 029-hb-quotedarg-002	|	        0.000	|	       14.877	|	        0.000	|	        0.000 |
| 029-hb-quotedarg-003	|	        0.000	|	       14.802	|	        0.000	|	        0.000 |
|  030-hb-namedarg-001	|	        0.000	|	       27.782	|	       30.424	|	       21.481 |
|  030-hb-namedarg-002	|	        0.000	|	       28.625	|	       32.174	|	       22.167 |
| 031-hb-blockhelp-001	|	        0.000	|	       16.580	|	        0.000	|	        0.000 |
| 031-hb-blockhelp-002	|	        0.000	|	       43.374	|	        0.000	|	        0.000 |
|    032-hb-helper-001	|	      158.900	|	       10.622	|	        0.000	|	        0.000 |
|    032-hb-helper-002	|	      518.459	|	       34.595	|	        0.000	|	        0.000 |
|    032-hb-helper-003	|	      522.422	|	       33.912	|	        0.000	|	        0.000 |
|    032-hb-helper-004	|	      713.169	|	       45.402	|	        0.000	|	        0.000 |
|    032-hb-helper-005	|	      336.643	|	       23.850	|	        0.000	|	        0.000 |
| -extendedcomment-001	|	        0.000	|	        0.786	|	        0.000	|	        0.000 |
|      034-hb-root-001	|	      181.305	|	       11.351	|	        0.000	|	        0.000 |
|  035-hb-eachelse-001	|	       62.027	|	        4.533	|	        0.000	|	        0.000 |
|  035-hb-eachelse-002	|	       62.522	|	        4.445	|	        0.000	|	        0.000 |
|  035-hb-eachelse-003	|	       62.879	|	        4.458	|	        0.000	|	        0.000 |
|  035-hb-eachelse-004	|	       62.424	|	        4.937	|	        0.000	|	        0.000 |
|  035-hb-eachelse-005	|	       62.609	|	        4.504	|	        0.000	|	        0.000 |
| 6-hb-sectionelse-001	|	        0.000	|	        4.679	|	        0.000	|	        0.000 |
| 6-hb-sectionelse-002	|	       31.630	|	        4.553	|	        0.000	|	        0.000 |
| 6-hb-sectionelse-003	|	       32.477	|	        4.524	|	        0.000	|	        0.000 |
| 6-hb-sectionelse-004	|	       31.822	|	        5.469	|	        0.000	|	        0.000 |
| 6-hb-sectionelse-005	|	       33.185	|	        4.506	|	        0.000	|	        0.000 |
| 6-hb-sectionelse-006	|	       33.560	|	        4.460	|	        0.000	|	        0.000 |
| b-each-firstlast-001	|	      295.839	|	       13.151	|	        0.000	|	        0.000 |
| b-each-firstlast-002	|	       92.990	|	        6.397	|	        0.000	|	        0.000 |
| b-each-firstlast-003	|	      163.339	|	        9.223	|	        0.000	|	        0.000 |
| hb-subexpression-001	|	        0.000	|	        4.389	|	        3.621	|	        2.951 |
|  livetest-001-hb-001	|	   92,885.696	|	    2,768.359	|	        0.000	|	        0.000 |
|  livetest-002-hb-001	|	      495.726	|	       23.518	|	        0.000	|	        0.000 |
