Test libraries in *100000* times, results as N seconds
*In this test lightncandy is configured as PHP VARIABLE OUTPUT*
|	test case	| handlebars.php	|	lightncandy	|	mustache-php	|	mustache.php	|
|  001-simple-vars-001	|	       63.486	|	        3.421	|	        0.000	|	       10.032 |
|  001-simple-vars-002	|	        0.000	|	        0.000	|	        0.000	|	        0.000 |
|  001-simple-vars-003	|	       61.567	|	        4.427	|	        0.000	|	        7.188 |
|  001-simple-vars-004	|	       62.461	|	        3.452	|	        0.000	|	       10.234 |
|  001-simple-vars-005	|	       61.826	|	        3.351	|	        0.000	|	        9.996 |
|  001-simple-vars-006	|	        0.000	|	        0.000	|	        0.000	|	        0.000 |
|    002-simple-if-001	|	       51.062	|	        5.350	|	       14.262	|	       10.716 |
|    002-simple-if-002	|	       35.884	|	        4.856	|	        9.982	|	        7.362 |
|    002-simple-if-003	|	        0.000	|	        5.478	|	        9.218	|	        7.033 |
|  003-simple-else-001	|	       57.967	|	        5.562	|	       17.326	|	       11.233 |
|  003-simple-else-002	|	       57.944	|	        0.000	|	       17.794	|	        9.840 |
|  003-simple-else-003	|	        0.000	|	        5.740	|	       16.007	|	        9.656 |
|  003-simple-else-004	|	        0.000	|	        5.556	|	        0.000	|	        0.000 |
|  003-simple-else-005	|	        0.000	|	        0.000	|	        0.000	|	        0.000 |
|  003-simple-else-006	|	        0.000	|	        6.290	|	        0.000	|	        0.000 |
|  003-simple-else-007	|	        0.000	|	        5.844	|	        0.000	|	        0.000 |
|  003-simple-else-008	|	        0.000	|	        5.843	|	        0.000	|	        0.000 |
|  003-simple-else-009	|	       59.115	|	        5.400	|	       17.133	|	        9.799 |
|  003-simple-else-010	|	        0.000	|	        5.559	|	        0.000	|	        0.000 |
|  003-simple-else-011	|	        0.000	|	        5.853	|	        0.000	|	        0.000 |
|  003-simple-else-012	|	        0.000	|	        6.195	|	        0.000	|	        0.000 |
| 004-simple-mvars-001	|	      263.226	|	        7.259	|	       60.714	|	       38.933 |
| 004-simple-mvars-002	|	      263.994	|	        7.295	|	       61.172	|	       39.033 |
| 004-simple-mvars-003	|	      264.000	|	        8.298	|	       51.994	|	       27.321 |
| 004-simple-mvars-004	|	      261.337	|	        7.778	|	       61.498	|	       39.728 |
| 05-simple-escape-001	|	       45.693	|	        2.643	|	        0.000	|	        7.818 |
| 05-simple-escape-002	|	       45.230	|	        2.642	|	        0.000	|	        7.393 |
| 05-simple-escape-003	|	        0.000	|	        2.919	|	        0.000	|	        0.000 |
| 6-simple-section-001	|	      103.690	|	        8.435	|	       26.701	|	       18.633 |
| 6-simple-section-002	|	        0.000	|	        5.339	|	       11.494	|	        8.753 |
| 6-simple-section-003	|	        0.000	|	        0.000	|	        0.000	|	        0.000 |
| 6-simple-section-004	|	        0.000	|	        5.944	|	        0.000	|	        0.000 |
| 6-simple-section-005	|	       50.427	|	        5.433	|	       12.445	|	        8.915 |
| 6-simple-section-006	|	       75.816	|	        6.049	|	       19.153	|	       13.370 |
| 6-simple-section-007	|	      104.836	|	        9.140	|	       26.881	|	       17.900 |
| 6-simple-section-008	|	      132.070	|	        9.464	|	       33.027	|	       21.490 |
| 6-simple-section-009	|	        0.000	|	        0.000	|	        0.000	|	        0.000 |
| -simple-sections-001	|	        0.000	|	        0.000	|	       58.528	|	       29.980 |
| -simple-sections-002	|	       90.814	|	        0.000	|	       29.850	|	       16.355 |
| -simple-sections-003	|	        0.000	|	        0.000	|	       55.582	|	       28.643 |
| -simple-sections-004	|	       35.609	|	        7.178	|	       11.013	|	        7.934 |
| 8-simple-comment-001	|	        0.000	|	        4.874	|	        9.768	|	        6.979 |
| 8-simple-comment-002	|	       49.553	|	        5.561	|	       14.167	|	       10.239 |
|   009-simple-dot-001	|	       88.482	|	        3.792	|	        0.000	|	       24.325 |
|   009-simple-dot-002	|	       84.169	|	        4.327	|	        0.000	|	       13.532 |
|   009-simple-dot-003	|	       86.176	|	        3.403	|	        0.000	|	       21.507 |
| le-doublesection-001	|	        0.000	|	       13.749	|	       28.515	|	        0.000 |
| le-doublesection-002	|	        0.000	|	        0.000	|	        0.000	|	        0.000 |
| le-doublesection-003	|	        0.000	|	        0.000	|	        0.000	|	        0.000 |
| le-doublesection-004	|	        0.000	|	        0.000	|	        0.000	|	        0.000 |
| le-doublesection-005	|	        0.000	|	        0.000	|	        0.000	|	        0.000 |
| 1-simple-context-001	|	        0.000	|	       22.753	|	        0.000	|	        0.000 |
| 1-simple-context-002	|	        0.000	|	       21.687	|	        0.000	|	        0.000 |
|  012-simple-this-001	|	        0.000	|	        0.000	|	        0.000	|	        0.000 |
|  012-simple-this-002	|	        0.000	|	        0.000	|	        0.000	|	        0.000 |
|  012-simple-this-003	|	        0.000	|	        0.000	|	        0.000	|	        0.000 |
|  012-simple-this-004	|	      120.367	|	        0.000	|	        0.000	|	        0.000 |
|  012-simple-this-005	|	        0.000	|	        0.000	|	        0.000	|	        0.000 |
|  012-simple-this-006	|	        0.000	|	        0.000	|	        0.000	|	        0.000 |
|      013-hb-each-001	|	      114.906	|	        8.323	|	        0.000	|	        0.000 |
|      013-hb-each-002	|	       58.092	|	        5.598	|	        0.000	|	        0.000 |
|      013-hb-each-003	|	       58.966	|	        5.266	|	        0.000	|	        0.000 |
|      013-hb-each-004	|	       52.708	|	        5.282	|	        0.000	|	        0.000 |
|      013-hb-each-005	|	       59.097	|	        5.301	|	        0.000	|	        0.000 |
|      013-hb-each-006	|	       52.846	|	        5.307	|	        0.000	|	        0.000 |
|      013-hb-each-007	|	      114.345	|	        8.946	|	        0.000	|	        0.000 |
|      013-hb-each-008	|	      146.348	|	        9.536	|	        0.000	|	        0.000 |
|      013-hb-each-009	|	        0.000	|	        0.000	|	        0.000	|	        0.000 |
|        014-hb-if-001	|	      127.545	|	        9.381	|	        0.000	|	        0.000 |
|        014-hb-if-002	|	      146.818	|	       11.588	|	        0.000	|	        0.000 |
|        014-hb-if-003	|	      146.804	|	       12.522	|	        0.000	|	        0.000 |
|        014-hb-if-004	|	      147.030	|	       12.221	|	        0.000	|	        0.000 |
|        014-hb-if-005	|	      127.488	|	       11.441	|	        0.000	|	        0.000 |
|        014-hb-if-006	|	      126.386	|	       11.491	|	        0.000	|	        0.000 |
|        014-hb-if-007	|	      148.792	|	       12.231	|	        0.000	|	        0.000 |
|        014-hb-if-008	|	      125.739	|	       11.129	|	        0.000	|	        0.000 |
|    015-hb-unless-001	|	      115.786	|	        7.138	|	        0.000	|	        0.000 |
|    015-hb-unless-002	|	       94.734	|	        7.614	|	        0.000	|	        0.000 |
|    015-hb-unless-003	|	       93.814	|	        7.506	|	        0.000	|	        0.000 |
|    015-hb-unless-004	|	      113.767	|	        7.765	|	        0.000	|	        0.000 |
|    015-hb-unless-005	|	       94.843	|	        7.484	|	        0.000	|	        0.000 |
|    015-hb-unless-006	|	      115.081	|	        7.420	|	        0.000	|	        0.000 |
|  016-hb-eachthis-001	|	      351.348	|	        0.000	|	        0.000	|	        0.000 |
|  016-hb-eachthis-002	|	      296.183	|	        0.000	|	        0.000	|	        0.000 |
|      017-hb-with-001	|	        0.000	|	        0.000	|	        0.000	|	        0.000 |
|      017-hb-with-002	|	        0.000	|	        0.000	|	        0.000	|	        0.000 |
|      017-hb-with-003	|	        0.000	|	        0.000	|	        0.000	|	        0.000 |
|  018-hb-withwith-001	|	        0.000	|	        0.000	|	        0.000	|	        0.000 |
|  018-hb-withwith-002	|	        0.000	|	        0.000	|	        0.000	|	        0.000 |
|  018-hb-withwith-003	|	        0.000	|	        0.000	|	        0.000	|	        0.000 |
|  018-hb-withwith-004	|	        0.000	|	        0.000	|	        0.000	|	        0.000 |
|  018-hb-withwith-005	|	        0.000	|	        0.000	|	        0.000	|	        0.000 |
|  018-hb-withwith-006	|	        0.000	|	        0.000	|	        0.000	|	        0.000 |
|  018-hb-withwith-007	|	        0.000	|	        0.000	|	        0.000	|	        0.000 |
| 19-hb-eachparent-001	|	        0.000	|	        0.000	|	        0.000	|	        0.000 |
| 19-hb-eachparent-002	|	        0.000	|	        0.000	|	        0.000	|	        0.000 |
|   020-hb-doteach-001	|	        0.000	|	       11.056	|	        0.000	|	        0.000 |
|   020-hb-doteach-002	|	      300.659	|	       20.375	|	        0.000	|	        0.000 |
| 21-hb-manyparent-001	|	        0.000	|	        0.000	|	        0.000	|	        0.000 |
| 21-hb-manyparent-002	|	        0.000	|	        0.000	|	        0.000	|	        0.000 |
| 21-hb-manyparent-003	|	        0.000	|	        0.000	|	        0.000	|	        0.000 |
| 21-hb-manyparent-004	|	        0.000	|	        0.000	|	        0.000	|	        0.000 |
| 2-simple-partial-001	|	        0.000	|	        0.000	|	        0.000	|	        0.000 |
|   023-hb-partial-001	|	        0.000	|	        0.000	|	        0.000	|	        0.000 |
|   023-hb-partial-002	|	        0.000	|	        0.000	|	        0.000	|	        0.000 |
|   023-hb-partial-003	|	        0.000	|	        0.000	|	        0.000	|	        0.000 |
|   023-hb-partial-004	|	        0.000	|	        0.000	|	        0.000	|	        0.000 |
| 024-hb-eachindex-001	|	        0.000	|	        0.000	|	        0.000	|	        0.000 |
| 024-hb-eachindex-002	|	        0.000	|	        0.000	|	        0.000	|	        0.000 |
| 024-hb-eachindex-003	|	        0.000	|	        0.000	|	        0.000	|	        0.000 |
| 024-hb-eachindex-004	|	        0.000	|	        0.000	|	        0.000	|	        0.000 |
| 024-hb-eachindex-005	|	        0.000	|	        0.000	|	        0.000	|	        0.000 |
| 024-hb-eachindex-006	|	        0.000	|	        0.000	|	        0.000	|	        0.000 |
| 024-hb-eachindex-007	|	        0.000	|	        0.000	|	        0.000	|	        0.000 |
| 024-hb-eachindex-008	|	        0.000	|	        0.000	|	        0.000	|	        0.000 |
| 024-hb-eachindex-009	|	        0.000	|	        0.000	|	        0.000	|	        0.000 |
| 024-hb-eachindex-010	|	        0.000	|	        0.000	|	        0.000	|	        0.000 |
| 024-hb-eachindex-011	|	        0.000	|	        0.000	|	        0.000	|	        0.000 |
| 024-hb-eachindex-012	|	        0.000	|	        0.000	|	        0.000	|	        0.000 |
| hb-partialparent-001	|	        0.000	|	        0.000	|	        0.000	|	        0.000 |
| hb-partialparent-002	|	        0.000	|	        0.000	|	        0.000	|	        0.000 |
|    026-hb-eachif-001	|	        0.000	|	        0.000	|	        0.000	|	        0.000 |
| 27-hb-arrayindex-001	|	        0.000	|	        0.000	|	        0.000	|	        0.000 |
| 27-hb-arrayindex-002	|	        0.000	|	        0.000	|	        0.000	|	        0.000 |
| 27-hb-arrayindex-003	|	        0.000	|	        0.000	|	        0.000	|	        0.000 |
|  livetest-001-hb-001	|	        0.000	|	        0.000	|	        0.000	|	        0.000 |
|  livetest-002-hb-001	|	        0.000	|	        0.000	|	        0.000	|	        0.000 |
