Test libraries in *100000* times, results as N seconds
*In this test lightncandy is configured as PHP VARIABLE OUTPUT*
|	test case	| handlebars.php	|	lightncandy	|	mustache-php	|	mustache.php	|
|  001-simple-vars-001	|	       62.724	|	        4.166	|	        0.000	|	       10.499 |
|  001-simple-vars-002	|	        0.000	|	        0.000	|	        0.000	|	        0.000 |
|  001-simple-vars-003	|	       62.512	|	        4.222	|	        0.000	|	        6.265 |
|  001-simple-vars-004	|	       62.428	|	        4.080	|	        0.000	|	       10.078 |
|  001-simple-vars-005	|	       62.582	|	        3.990	|	        0.000	|	        9.925 |
|  001-simple-vars-006	|	        0.000	|	        0.000	|	        0.000	|	        0.000 |
|    002-simple-if-001	|	       50.603	|	        4.420	|	       14.515	|	       10.441 |
|    002-simple-if-002	|	       35.661	|	        3.871	|	       11.216	|	        7.212 |
|    002-simple-if-003	|	        0.000	|	        4.122	|	        9.307	|	        7.065 |
|  003-simple-else-001	|	       58.167	|	        4.895	|	       17.579	|	       11.446 |
|  003-simple-else-002	|	       57.797	|	        5.040	|	       17.442	|	        9.773 |
|  003-simple-else-003	|	        0.000	|	        5.095	|	       16.260	|	       10.063 |
|  003-simple-else-004	|	        0.000	|	        4.777	|	        0.000	|	        0.000 |
|  003-simple-else-005	|	        0.000	|	        0.000	|	        0.000	|	        0.000 |
|  003-simple-else-006	|	        0.000	|	        5.168	|	        0.000	|	        0.000 |
|  003-simple-else-007	|	        0.000	|	        5.207	|	        0.000	|	        0.000 |
|  003-simple-else-008	|	        0.000	|	        5.174	|	        0.000	|	        0.000 |
|  003-simple-else-009	|	       58.999	|	        4.711	|	       17.313	|	        9.718 |
|  003-simple-else-010	|	        0.000	|	        5.266	|	        0.000	|	        0.000 |
|  003-simple-else-011	|	        0.000	|	        5.186	|	        0.000	|	        0.000 |
|  003-simple-else-012	|	        0.000	|	        5.178	|	        0.000	|	        0.000 |
| 004-simple-mvars-001	|	      266.078	|	        9.335	|	       60.666	|	       38.878 |
| 004-simple-mvars-002	|	      262.172	|	        9.930	|	       61.683	|	       38.482 |
| 004-simple-mvars-003	|	      269.026	|	       10.180	|	       52.106	|	       20.790 |
| 004-simple-mvars-004	|	      260.751	|	       10.642	|	       62.140	|	       40.400 |
| 05-simple-escape-001	|	       45.273	|	        3.295	|	        0.000	|	        7.738 |
| 05-simple-escape-002	|	       45.307	|	        3.249	|	        0.000	|	        7.062 |
| 05-simple-escape-003	|	        0.000	|	        3.390	|	        0.000	|	        0.000 |
| 6-simple-section-001	|	      104.544	|	        8.164	|	       27.472	|	       17.421 |
| 6-simple-section-002	|	        0.000	|	        4.733	|	       11.752	|	        8.714 |
| 6-simple-section-003	|	        0.000	|	        0.000	|	        0.000	|	        0.000 |
| 6-simple-section-004	|	        0.000	|	        5.372	|	        0.000	|	        0.000 |
| 6-simple-section-005	|	       50.595	|	        4.551	|	       13.162	|	        8.954 |
| 6-simple-section-006	|	       74.897	|	        5.543	|	       19.257	|	       13.769 |
| 6-simple-section-007	|	      104.887	|	        9.141	|	       26.413	|	       17.695 |
| 6-simple-section-008	|	      129.896	|	        9.961	|	       32.509	|	       22.260 |
| 6-simple-section-009	|	        0.000	|	        0.000	|	        0.000	|	        0.000 |
| -simple-sections-001	|	        0.000	|	       15.514	|	       54.950	|	       28.556 |
| -simple-sections-002	|	       89.346	|	        9.624	|	       29.057	|	       16.648 |
| -simple-sections-003	|	        0.000	|	       15.343	|	       55.373	|	       28.394 |
| -simple-sections-004	|	       34.949	|	        4.586	|	       11.097	|	        7.895 |
| 8-simple-comment-001	|	        0.000	|	        4.128	|	        9.310	|	        7.412 |
| 8-simple-comment-002	|	       49.055	|	        4.936	|	       14.320	|	       10.151 |
|   009-simple-dot-001	|	       86.679	|	        4.879	|	        0.000	|	       24.751 |
|   009-simple-dot-002	|	       83.971	|	        4.498	|	        0.000	|	       13.847 |
|   009-simple-dot-003	|	       86.685	|	        4.166	|	        0.000	|	       21.025 |
| le-doublesection-001	|	        0.000	|	        9.627	|	       28.726	|	        0.000 |
| le-doublesection-002	|	        0.000	|	        0.000	|	        0.000	|	        0.000 |
| le-doublesection-003	|	        0.000	|	        0.000	|	        0.000	|	        0.000 |
| le-doublesection-004	|	        0.000	|	        0.000	|	        0.000	|	        0.000 |
| le-doublesection-005	|	        0.000	|	        0.000	|	        0.000	|	        0.000 |
| 1-simple-context-001	|	        0.000	|	       20.087	|	        0.000	|	        0.000 |
| 1-simple-context-002	|	        0.000	|	       20.561	|	        0.000	|	        0.000 |
|  012-simple-this-001	|	        0.000	|	        0.000	|	        0.000	|	        0.000 |
|  012-simple-this-002	|	        0.000	|	        0.000	|	        0.000	|	        0.000 |
|  012-simple-this-003	|	        0.000	|	        0.000	|	        0.000	|	        0.000 |
|  012-simple-this-004	|	      119.224	|	        0.000	|	        0.000	|	        0.000 |
|  012-simple-this-005	|	        0.000	|	        0.000	|	        0.000	|	        0.000 |
|  012-simple-this-006	|	        0.000	|	        0.000	|	        0.000	|	        0.000 |
|      013-hb-each-001	|	      114.995	|	        8.079	|	        0.000	|	        0.000 |
|      013-hb-each-002	|	       58.855	|	        4.537	|	        0.000	|	        0.000 |
|      013-hb-each-003	|	       57.806	|	        4.332	|	        0.000	|	        0.000 |
|      013-hb-each-004	|	       52.880	|	        4.347	|	        0.000	|	        0.000 |
|      013-hb-each-005	|	       58.317	|	        4.299	|	        0.000	|	        0.000 |
|      013-hb-each-006	|	       53.976	|	        4.282	|	        0.000	|	        0.000 |
|      013-hb-each-007	|	      114.617	|	        8.607	|	        0.000	|	        0.000 |
|      013-hb-each-008	|	      143.780	|	        9.815	|	        0.000	|	        0.000 |
|      013-hb-each-009	|	        0.000	|	        0.000	|	        0.000	|	        0.000 |
|        014-hb-if-001	|	      126.053	|	        5.668	|	        0.000	|	        0.000 |
|        014-hb-if-002	|	      147.097	|	        6.022	|	        0.000	|	        0.000 |
|        014-hb-if-003	|	      148.549	|	        6.851	|	        0.000	|	        0.000 |
|        014-hb-if-004	|	      146.450	|	        7.227	|	        0.000	|	        0.000 |
|        014-hb-if-005	|	      125.411	|	        5.500	|	        0.000	|	        0.000 |
|        014-hb-if-006	|	      126.180	|	        6.125	|	        0.000	|	        0.000 |
|        014-hb-if-007	|	      146.016	|	        7.139	|	        0.000	|	        0.000 |
|        014-hb-if-008	|	      126.136	|	        5.530	|	        0.000	|	        0.000 |
|    015-hb-unless-001	|	      114.532	|	        5.252	|	        0.000	|	        0.000 |
|    015-hb-unless-002	|	       94.769	|	        4.834	|	        0.000	|	        0.000 |
|    015-hb-unless-003	|	       94.806	|	        5.035	|	        0.000	|	        0.000 |
|    015-hb-unless-004	|	      116.498	|	        5.401	|	        0.000	|	        0.000 |
|    015-hb-unless-005	|	       94.700	|	        4.995	|	        0.000	|	        0.000 |
|    015-hb-unless-006	|	      113.214	|	        5.112	|	        0.000	|	        0.000 |
|  016-hb-eachthis-001	|	      347.019	|	        0.000	|	        0.000	|	        0.000 |
|  016-hb-eachthis-002	|	      290.628	|	        0.000	|	        0.000	|	        0.000 |
|      017-hb-with-001	|	        0.000	|	        0.000	|	        0.000	|	        0.000 |
|      017-hb-with-002	|	        0.000	|	        0.000	|	        0.000	|	        0.000 |
|      017-hb-with-003	|	        0.000	|	        0.000	|	        0.000	|	        0.000 |
|  018-hb-withwith-001	|	        0.000	|	        0.000	|	        0.000	|	        0.000 |
|  018-hb-withwith-002	|	        0.000	|	        0.000	|	        0.000	|	        0.000 |
|  018-hb-withwith-003	|	        0.000	|	        0.000	|	        0.000	|	        0.000 |
|  018-hb-withwith-004	|	        0.000	|	        0.000	|	        0.000	|	        0.000 |
|  018-hb-withwith-005	|	        0.000	|	        0.000	|	        0.000	|	        0.000 |
|  018-hb-withwith-006	|	        0.000	|	        0.000	|	        0.000	|	        0.000 |
|  018-hb-withwith-007	|	        0.000	|	        0.000	|	        0.000	|	        0.000 |
| 19-hb-eachparent-001	|	        0.000	|	        0.000	|	        0.000	|	        0.000 |
| 19-hb-eachparent-002	|	        0.000	|	        0.000	|	        0.000	|	        0.000 |
|   020-hb-doteach-001	|	        0.000	|	        6.637	|	        0.000	|	        0.000 |
|   020-hb-doteach-002	|	      298.664	|	       16.343	|	        0.000	|	        0.000 |
| 21-hb-manyparent-001	|	        0.000	|	        0.000	|	        0.000	|	        0.000 |
| 21-hb-manyparent-002	|	        0.000	|	        0.000	|	        0.000	|	        0.000 |
| 21-hb-manyparent-003	|	        0.000	|	        0.000	|	        0.000	|	        0.000 |
| 21-hb-manyparent-004	|	        0.000	|	        0.000	|	        0.000	|	        0.000 |
| 2-simple-partial-001	|	        0.000	|	        0.000	|	        0.000	|	        0.000 |
|   023-hb-partial-001	|	        0.000	|	        0.000	|	        0.000	|	        0.000 |
|   023-hb-partial-002	|	        0.000	|	        0.000	|	        0.000	|	        0.000 |
|   023-hb-partial-003	|	        0.000	|	        0.000	|	        0.000	|	        0.000 |
|   023-hb-partial-004	|	        0.000	|	        0.000	|	        0.000	|	        0.000 |
| 024-hb-eachindex-001	|	        0.000	|	        0.000	|	        0.000	|	        0.000 |
| 024-hb-eachindex-002	|	        0.000	|	        0.000	|	        0.000	|	        0.000 |
| 024-hb-eachindex-003	|	        0.000	|	        0.000	|	        0.000	|	        0.000 |
| 024-hb-eachindex-004	|	        0.000	|	        0.000	|	        0.000	|	        0.000 |
| 024-hb-eachindex-005	|	        0.000	|	        0.000	|	        0.000	|	        0.000 |
| 024-hb-eachindex-006	|	        0.000	|	        0.000	|	        0.000	|	        0.000 |
| 024-hb-eachindex-007	|	        0.000	|	        0.000	|	        0.000	|	        0.000 |
| 024-hb-eachindex-008	|	        0.000	|	        0.000	|	        0.000	|	        0.000 |
| 024-hb-eachindex-009	|	        0.000	|	        0.000	|	        0.000	|	        0.000 |
| 024-hb-eachindex-010	|	        0.000	|	        0.000	|	        0.000	|	        0.000 |
| 024-hb-eachindex-011	|	        0.000	|	        0.000	|	        0.000	|	        0.000 |
| 024-hb-eachindex-012	|	        0.000	|	        0.000	|	        0.000	|	        0.000 |
| hb-partialparent-001	|	        0.000	|	        0.000	|	        0.000	|	        0.000 |
| hb-partialparent-002	|	        0.000	|	        0.000	|	        0.000	|	        0.000 |
|    026-hb-eachif-001	|	        0.000	|	        0.000	|	        0.000	|	        0.000 |
| 27-hb-arrayindex-001	|	        0.000	|	       11.762	|	        0.000	|	        0.000 |
| 27-hb-arrayindex-002	|	        0.000	|	       13.054	|	        0.000	|	        0.000 |
| 27-hb-arrayindex-003	|	        0.000	|	        0.000	|	        0.000	|	        0.000 |
|     028-hb-advar-001	|	      137.054	|	        0.000	|	        0.000	|	        0.000 |
|     028-hb-advar-002	|	      135.071	|	        0.000	|	        0.000	|	        0.000 |
|     028-hb-advar-003	|	      136.932	|	        0.000	|	        0.000	|	        0.000 |
| 029-hb-quotedarg-001	|	        0.000	|	        0.000	|	        0.000	|	        0.000 |
| 029-hb-quotedarg-002	|	        0.000	|	        0.000	|	        0.000	|	        0.000 |
| 029-hb-quotedarg-003	|	        0.000	|	        0.000	|	        0.000	|	        0.000 |
|  030-hb-namedarg-001	|	        0.000	|	        0.000	|	        0.000	|	        0.000 |
|  030-hb-namedarg-002	|	        0.000	|	        0.000	|	        0.000	|	        0.000 |
| 031-hb-blockhelp-001	|	        0.000	|	        0.000	|	        0.000	|	        0.000 |
| 031-hb-blockhelp-002	|	        0.000	|	        0.000	|	        0.000	|	        0.000 |
|    032-hb-helper-001	|	        0.000	|	        0.000	|	        0.000	|	        0.000 |
|    032-hb-helper-002	|	        0.000	|	        0.000	|	        0.000	|	        0.000 |
|    032-hb-helper-003	|	        0.000	|	        0.000	|	        0.000	|	        0.000 |
|    032-hb-helper-004	|	        0.000	|	        0.000	|	        0.000	|	        0.000 |
|    032-hb-helper-005	|	      258.810	|	        0.000	|	        0.000	|	        0.000 |
|  livetest-001-hb-001	|	        0.000	|	        0.000	|	        0.000	|	        0.000 |
|  livetest-002-hb-001	|	        0.000	|	        0.000	|	        0.000	|	        0.000 |
