Test libraries in *10000* times, results as N seconds
*In this test lightncandy is configured as HANDLEBARS+ STANDALONE*
|	test case	| handlebars.php	|	lightncandy	|	mustache-php	|	mustache.php	|
|  001-simple-vars-001	|	        8.250	|	        0.322	|	        1.410	|	        1.015 |
|  001-simple-vars-002	|	        7.563	|	        0.327	|	        1.449	|	        1.037 |
|  001-simple-vars-003	|	        7.680	|	        0.221	|	        1.320	|	        0.645 |
|  001-simple-vars-004	|	        7.474	|	        0.351	|	        1.462	|	        1.016 |
|  001-simple-vars-005	|	        7.636	|	        0.339	|	        1.453	|	        0.998 |
|  001-simple-vars-006	|	        7.907	|	        0.354	|	        1.857	|	        1.658 |
|    002-simple-if-001	|	        6.333	|	        0.423	|	        1.434	|	        1.028 |
|    002-simple-if-002	|	        4.476	|	        0.364	|	        1.025	|	        0.726 |
|    002-simple-if-003	|	        0.000	|	        0.363	|	        0.960	|	        0.715 |
|  003-simple-else-001	|	        7.314	|	        0.485	|	        1.746	|	        1.110 |
|  003-simple-else-002	|	        7.264	|	        0.479	|	        1.737	|	        0.986 |
|  003-simple-else-003	|	        0.000	|	        0.465	|	        1.621	|	        0.973 |
|  003-simple-else-004	|	        7.166	|	        0.471	|	        1.750	|	        1.116 |
|  003-simple-else-005	|	        7.674	|	        0.482	|	        1.746	|	        0.984 |
|  003-simple-else-006	|	        7.312	|	        0.476	|	        1.756	|	        0.959 |
|  003-simple-else-007	|	        7.283	|	        0.483	|	        2.171	|	        0.969 |
|  003-simple-else-008	|	        7.245	|	        0.482	|	        1.764	|	        1.102 |
|  003-simple-else-009	|	        7.321	|	        0.468	|	        1.737	|	        0.990 |
|  003-simple-else-010	|	        7.658	|	        0.473	|	        1.752	|	        1.112 |
|  003-simple-else-011	|	        7.247	|	        0.483	|	        1.748	|	        1.097 |
|  003-simple-else-012	|	        7.261	|	        0.483	|	        1.752	|	        1.102 |
| 004-simple-mvars-001	|	       32.216	|	        1.368	|	        6.019	|	        3.846 |
| 004-simple-mvars-002	|	       32.101	|	        0.939	|	        6.060	|	        3.854 |
| 004-simple-mvars-003	|	       32.478	|	        0.611	|	        5.175	|	        2.166 |
| 004-simple-mvars-004	|	       32.104	|	        1.013	|	        6.093	|	        3.835 |
| 05-simple-escape-001	|	        7.987	|	        0.293	|	        1.623	|	        1.072 |
| 05-simple-escape-002	|	        7.840	|	        0.294	|	        1.616	|	        0.955 |
| 05-simple-escape-003	|	        7.915	|	        0.312	|	        1.616	|	        0.949 |
| 6-simple-section-001	|	       13.287	|	        0.912	|	        2.637	|	        1.740 |
| 6-simple-section-002	|	        0.000	|	        0.397	|	        1.169	|	        0.884 |
| 6-simple-section-003	|	        6.222	|	        0.464	|	        1.267	|	        0.903 |
| 6-simple-section-004	|	        9.323	|	        0.463	|	        1.932	|	        1.341 |
| 6-simple-section-005	|	        6.216	|	        0.413	|	        1.259	|	        0.906 |
| 6-simple-section-006	|	        9.315	|	        0.465	|	        2.330	|	        1.345 |
| 6-simple-section-007	|	       13.067	|	        0.909	|	        2.623	|	        1.783 |
| 6-simple-section-008	|	       16.649	|	        1.034	|	        3.231	|	        2.141 |
| 6-simple-section-009	|	       41.730	|	        1.830	|	        7.656	|	        4.829 |
| 6-simple-section-010	|	        6.309	|	        0.601	|	        1.260	|	        0.907 |
| 6-simple-section-011	|	        6.319	|	        0.595	|	        1.263	|	        1.291 |
| -simple-sections-001	|	        0.000	|	        1.595	|	        5.451	|	        2.870 |
| -simple-sections-002	|	       11.536	|	        1.034	|	        2.908	|	        1.652 |
| -simple-sections-003	|	        0.000	|	        1.623	|	        5.447	|	        2.858 |
| -simple-sections-004	|	        4.454	|	        0.414	|	        1.113	|	        0.792 |
| -simple-sections-005	|	        0.000	|	        2.141	|	        5.769	|	        3.306 |
| 8-simple-comment-001	|	        0.000	|	        0.358	|	        0.979	|	        1.041 |
| 8-simple-comment-002	|	        6.249	|	        0.423	|	        1.434	|	        1.028 |
|   009-simple-dot-001	|	       10.277	|	        0.444	|	        2.228	|	        2.397 |
|   009-simple-dot-002	|	       10.131	|	        0.275	|	        1.804	|	        1.359 |
|   009-simple-dot-003	|	       10.399	|	        0.342	|	        2.138	|	        2.113 |
| le-doublesection-001	|	        0.000	|	        0.691	|	        3.280	|	        1.512 |
| le-doublesection-002	|	        0.000	|	        0.764	|	        3.268	|	        1.951 |
| le-doublesection-003	|	        0.000	|	        1.132	|	        5.084	|	        3.005 |
| le-doublesection-004	|	        0.000	|	        1.281	|	        5.098	|	        2.992 |
| le-doublesection-005	|	       40.040	|	        2.651	|	        8.989	|	        5.335 |
| 1-simple-context-001	|	       30.333	|	        2.084	|	        7.874	|	        4.372 |
| 1-simple-context-002	|	       29.911	|	        2.096	|	        6.662	|	        4.192 |
|  012-simple-this-001	|	        8.786	|	        0.573	|	        2.125	|	        1.609 |
|  012-simple-this-002	|	       12.036	|	        0.582	|	        2.121	|	        1.617 |
|  012-simple-this-003	|	       16.544	|	        0.917	|	        4.029	|	        2.716 |
|  012-simple-this-004	|	       16.148	|	        0.925	|	        3.914	|	        2.331 |
|  012-simple-this-005	|	       20.793	|	        1.030	|	        5.010	|	        3.711 |
|  012-simple-this-006	|	       21.179	|	        1.020	|	        5.633	|	        3.555 |
|      013-hb-each-001	|	       14.102	|	        0.913	|	        0.000	|	        0.000 |
|      013-hb-each-002	|	        7.301	|	        0.384	|	        0.000	|	        0.000 |
|      013-hb-each-003	|	        7.245	|	        0.395	|	        0.000	|	        0.000 |
|      013-hb-each-004	|	        6.735	|	        0.391	|	        0.000	|	        0.000 |
|      013-hb-each-005	|	        7.741	|	        0.395	|	        0.000	|	        0.000 |
|      013-hb-each-006	|	        6.782	|	        0.395	|	        0.000	|	        0.000 |
|      013-hb-each-007	|	       14.389	|	        0.906	|	        0.000	|	        0.000 |
|      013-hb-each-008	|	       18.337	|	        1.022	|	        0.000	|	        0.000 |
|      013-hb-each-009	|	       45.246	|	        1.844	|	        0.000	|	        0.000 |
|      013-hb-each-010	|	        7.246	|	        0.592	|	        0.000	|	        0.000 |
|      013-hb-each-011	|	        7.236	|	        0.594	|	        0.000	|	        0.000 |
|        014-hb-if-001	|	       16.746	|	        0.479	|	        0.000	|	        0.000 |
|        014-hb-if-002	|	       18.641	|	        0.550	|	        0.000	|	        0.000 |
|        014-hb-if-003	|	       18.386	|	        0.623	|	        0.000	|	        0.000 |
|        014-hb-if-004	|	       18.921	|	        0.629	|	        0.000	|	        0.000 |
|        014-hb-if-005	|	       16.297	|	        0.497	|	        0.000	|	        0.000 |
|        014-hb-if-006	|	       16.333	|	        0.527	|	        0.000	|	        0.000 |
|        014-hb-if-007	|	       19.185	|	        0.573	|	        0.000	|	        0.000 |
|        014-hb-if-008	|	       16.113	|	        0.499	|	        0.000	|	        0.000 |
|    015-hb-unless-001	|	       14.019	|	        0.468	|	        0.000	|	        0.000 |
|    015-hb-unless-002	|	       11.660	|	        0.452	|	        0.000	|	        0.000 |
|    015-hb-unless-003	|	       12.141	|	        0.483	|	        0.000	|	        0.000 |
|    015-hb-unless-004	|	       14.082	|	        0.520	|	        0.000	|	        0.000 |
|    015-hb-unless-005	|	       11.721	|	        0.476	|	        0.000	|	        0.000 |
|    015-hb-unless-006	|	       14.058	|	        0.497	|	        0.000	|	        0.000 |
|  016-hb-eachthis-001	|	       45.301	|	        2.002	|	        0.000	|	        0.000 |
|  016-hb-eachthis-002	|	       37.863	|	        1.710	|	        0.000	|	        0.000 |
|      017-hb-with-001	|	       11.803	|	        0.514	|	        0.000	|	        0.000 |
|      017-hb-with-002	|	       13.195	|	        0.535	|	        0.000	|	        0.000 |
|      017-hb-with-003	|	       11.733	|	        0.430	|	        0.000	|	        0.000 |
|  018-hb-withwith-001	|	        0.000	|	        0.662	|	        0.000	|	        0.000 |
|  018-hb-withwith-002	|	       40.064	|	        1.488	|	        0.000	|	        0.000 |
|  018-hb-withwith-003	|	       60.707	|	        3.385	|	        0.000	|	        0.000 |
|  018-hb-withwith-004	|	        0.000	|	        1.295	|	        0.000	|	        0.000 |
|  018-hb-withwith-005	|	        0.000	|	        1.300	|	        0.000	|	        0.000 |
|  018-hb-withwith-006	|	        0.000	|	        1.483	|	        0.000	|	        0.000 |
|  018-hb-withwith-007	|	        0.000	|	        0.645	|	        0.000	|	        0.000 |
| 19-hb-eachparent-001	|	      149.132	|	        6.326	|	        0.000	|	        0.000 |
| 19-hb-eachparent-002	|	        0.000	|	        3.972	|	        0.000	|	        0.000 |
|   020-hb-doteach-001	|	        0.000	|	        0.523	|	        0.000	|	        0.000 |
|   020-hb-doteach-002	|	       38.489	|	        1.726	|	        0.000	|	        0.000 |
| 21-hb-manyparent-001	|	      459.124	|	       13.634	|	        0.000	|	        0.000 |
| 21-hb-manyparent-002	|	      459.598	|	       12.779	|	        0.000	|	        0.000 |
| 21-hb-manyparent-003	|	      567.615	|	       15.199	|	        0.000	|	        0.000 |
| 21-hb-manyparent-004	|	      784.903	|	       24.185	|	        0.000	|	        0.000 |
| 2-simple-partial-001	|	       20.829	|	        2.418	|	        0.000	|	       10.931 |
|   023-hb-partial-001	|	       13.709	|	        1.248	|	        0.000	|	        0.000 |
|   023-hb-partial-002	|	       16.904	|	        1.538	|	        0.000	|	        0.000 |
|   023-hb-partial-003	|	       20.897	|	        1.596	|	        0.000	|	        0.000 |
|   023-hb-partial-004	|	       20.835	|	        2.129	|	        0.000	|	        0.000 |
| 024-hb-eachindex-001	|	      149.078	|	        7.572	|	        0.000	|	        0.000 |
| 024-hb-eachindex-002	|	       39.290	|	        2.355	|	        0.000	|	        0.000 |
| 024-hb-eachindex-003	|	       39.693	|	        2.468	|	        0.000	|	        0.000 |
| 024-hb-eachindex-004	|	       40.857	|	        2.770	|	        0.000	|	        0.000 |
| 024-hb-eachindex-005	|	       39.385	|	        2.532	|	        0.000	|	        0.000 |
| 024-hb-eachindex-006	|	       41.035	|	        2.780	|	        0.000	|	        0.000 |
| 024-hb-eachindex-007	|	       39.114	|	        2.779	|	        0.000	|	        0.000 |
| 024-hb-eachindex-008	|	       42.065	|	        2.757	|	        0.000	|	        0.000 |
| 024-hb-eachindex-009	|	       39.636	|	        2.766	|	        0.000	|	        0.000 |
| 024-hb-eachindex-010	|	       41.330	|	        2.778	|	        0.000	|	        0.000 |
| 024-hb-eachindex-011	|	       40.445	|	        2.777	|	        0.000	|	        0.000 |
| 024-hb-eachindex-012	|	       39.628	|	        2.558	|	        0.000	|	        0.000 |
| hb-partialparent-001	|	       62.802	|	        3.711	|	        0.000	|	        0.000 |
| hb-partialparent-002	|	      110.284	|	        5.242	|	        0.000	|	        0.000 |
|    026-hb-eachif-001	|	       50.100	|	        3.544	|	        0.000	|	        0.000 |
| 27-hb-arrayindex-001	|	       21.521	|	        1.187	|	        0.000	|	        0.000 |
| 27-hb-arrayindex-002	|	       30.141	|	        1.399	|	        0.000	|	        0.000 |
| 27-hb-arrayindex-003	|	       54.439	|	        2.611	|	        0.000	|	        0.000 |
|     028-hb-advar-001	|	       16.334	|	        0.430	|	        2.983	|	        2.498 |
|     028-hb-advar-002	|	       17.431	|	        0.441	|	        3.075	|	        2.552 |
|     028-hb-advar-003	|	       16.493	|	        0.567	|	        3.211	|	        2.710 |
| 029-hb-quotedarg-001	|	        0.000	|	        1.497	|	        0.000	|	        0.000 |
| 029-hb-quotedarg-002	|	        0.000	|	        1.552	|	        0.000	|	        0.000 |
| 029-hb-quotedarg-003	|	        0.000	|	        1.569	|	        0.000	|	        0.000 |
|  030-hb-namedarg-001	|	        0.000	|	        2.788	|	        3.119	|	        2.271 |
|  030-hb-namedarg-002	|	        0.000	|	        2.908	|	        3.147	|	        2.669 |
| 031-hb-blockhelp-001	|	        0.000	|	        1.748	|	        0.000	|	        0.000 |
| 031-hb-blockhelp-002	|	        0.000	|	        4.341	|	        0.000	|	        0.000 |
|    032-hb-helper-001	|	       15.638	|	        1.022	|	        0.000	|	        0.000 |
|    032-hb-helper-002	|	       52.645	|	        3.491	|	        0.000	|	        0.000 |
|    032-hb-helper-003	|	       51.775	|	        3.508	|	        0.000	|	        0.000 |
|    032-hb-helper-004	|	       70.081	|	        4.568	|	        0.000	|	        0.000 |
|    032-hb-helper-005	|	       33.874	|	        2.428	|	        0.000	|	        0.000 |
| -extendedcomment-001	|	        0.000	|	        0.107	|	        0.000	|	        0.000 |
|      034-hb-root-001	|	       17.585	|	        1.247	|	        0.000	|	        0.000 |
|  035-hb-eachelse-001	|	        6.143	|	        0.497	|	        0.000	|	        0.000 |
|  035-hb-eachelse-002	|	        6.163	|	        0.508	|	        0.000	|	        0.000 |
|  035-hb-eachelse-003	|	        6.158	|	        0.506	|	        0.000	|	        0.000 |
|  035-hb-eachelse-004	|	        6.140	|	        0.503	|	        0.000	|	        0.000 |
|  035-hb-eachelse-005	|	        6.637	|	        0.511	|	        0.000	|	        0.000 |
| 6-hb-sectionelse-001	|	        0.000	|	        0.512	|	        0.000	|	        0.000 |
| 6-hb-sectionelse-002	|	        3.141	|	        0.522	|	        0.000	|	        0.000 |
| 6-hb-sectionelse-003	|	        3.161	|	        0.513	|	        0.000	|	        0.000 |
| 6-hb-sectionelse-004	|	        3.179	|	        0.517	|	        0.000	|	        0.000 |
| 6-hb-sectionelse-005	|	        3.271	|	        0.512	|	        0.000	|	        0.000 |
| 6-hb-sectionelse-006	|	        3.301	|	        0.515	|	        0.000	|	        0.000 |
| b-each-firstlast-001	|	       28.849	|	        1.506	|	        0.000	|	        0.000 |
| b-each-firstlast-002	|	        9.541	|	        0.750	|	        0.000	|	        0.000 |
| b-each-firstlast-003	|	       15.942	|	        1.014	|	        0.000	|	        0.000 |
| hb-subexpression-001	|	        0.000	|	        0.468	|	        0.368	|	        0.308 |
| 39-hb-parenteach-001	|	       77.056	|	        4.192	|	        0.000	|	        0.000 |
| 39-hb-parenteach-002	|	      114.194	|	        5.811	|	        0.000	|	        0.000 |
|  livetest-001-hb-001	|	    9,243.785	|	      271.019	|	        0.000	|	        0.000 |
|  livetest-002-hb-001	|	       50.311	|	        2.498	|	        0.000	|	        0.000 |
