Test libraries in *100000* times, results as N seconds
*In this test lightncandy is configured as HANDLEBARS*
|	test case	| handlebars.php	|	lightncandy	|	mustache-php	|	mustache.php	|
|  001-simple-vars-001	|	       13.625	|	        0.632	|	        2.184	|	        2.147 |
|  001-simple-vars-002	|	       13.900	|	        0.662	|	        2.295	|	        2.208 |
|  001-simple-vars-003	|	       13.985	|	        0.459	|	        1.619	|	        1.062 |
|  001-simple-vars-004	|	       14.319	|	        0.637	|	        2.395	|	        2.285 |
|  001-simple-vars-005	|	       14.059	|	        0.607	|	        2.331	|	        2.104 |
|  001-simple-vars-006	|	       13.113	|	        0.742	|	        2.626	|	        3.762 |
|    002-simple-if-001	|	       11.681	|	        0.778	|	        2.267	|	        2.218 |
|    002-simple-if-002	|	        8.122	|	        0.692	|	        1.560	|	        1.518 |
|    002-simple-if-003	|	        0.000	|	        0.664	|	        1.427	|	        1.441 |
|  003-simple-else-001	|	       13.893	|	        0.946	|	        2.744	|	        2.416 |
|  003-simple-else-002	|	       13.205	|	        0.898	|	        2.749	|	        2.097 |
|  003-simple-else-003	|	        0.000	|	        0.862	|	        2.455	|	        2.051 |
|  003-simple-else-004	|	       13.475	|	        0.889	|	        2.832	|	        2.430 |
|  003-simple-else-005	|	       13.166	|	        0.893	|	        2.717	|	        2.127 |
|  003-simple-else-006	|	       13.168	|	        0.890	|	        2.748	|	        2.062 |
|  003-simple-else-007	|	       13.458	|	        0.900	|	        3.532	|	        2.087 |
|  003-simple-else-008	|	       13.490	|	        0.881	|	        2.691	|	        2.396 |
|  003-simple-else-009	|	       13.090	|	        0.862	|	        2.719	|	        2.154 |
|  003-simple-else-010	|	       13.252	|	        0.900	|	        2.761	|	        2.400 |
|  003-simple-else-011	|	       13.423	|	        0.899	|	        2.773	|	        2.372 |
|  003-simple-else-012	|	       13.394	|	        0.901	|	        2.803	|	        2.333 |
| 004-simple-mvars-001	|	       58.711	|	        1.862	|	        9.284	|	        8.038 |
| 004-simple-mvars-002	|	       58.600	|	        1.822	|	        9.306	|	        8.294 |
| 004-simple-mvars-003	|	       55.582	|	        1.182	|	        6.035	|	        3.795 |
| 004-simple-mvars-004	|	       57.637	|	        1.983	|	        9.332	|	        8.488 |
| 05-simple-escape-001	|	       14.433	|	        0.544	|	        2.364	|	        2.204 |
| 05-simple-escape-002	|	       14.464	|	        0.501	|	        2.375	|	        2.091 |
| 05-simple-escape-003	|	       14.190	|	        0.505	|	        2.389	|	        2.041 |
| 6-simple-section-001	|	       24.061	|	        1.854	|	        4.221	|	        3.696 |
| 6-simple-section-002	|	        0.000	|	        0.699	|	        1.808	|	        1.767 |
| 6-simple-section-003	|	       10.809	|	        0.836	|	        1.824	|	        1.806 |
| 6-simple-section-004	|	       17.028	|	        0.849	|	        2.850	|	        2.785 |
| 6-simple-section-005	|	       11.156	|	        0.766	|	        1.860	|	        1.875 |
| 6-simple-section-006	|	       16.997	|	        0.856	|	        2.834	|	        2.880 |
| 6-simple-section-007	|	       24.139	|	        1.758	|	        4.031	|	        3.894 |
| 6-simple-section-008	|	       32.056	|	        2.061	|	        5.053	|	        4.425 |
| 6-simple-section-009	|	       73.828	|	        3.912	|	       11.836	|	       10.346 |
| 6-simple-section-010	|	       11.185	|	        1.123	|	        1.867	|	        1.850 |
| 6-simple-section-011	|	       10.751	|	        1.110	|	        1.878	|	        1.824 |
| -simple-sections-001	|	        0.000	|	        3.138	|	        8.249	|	        6.392 |
| -simple-sections-002	|	       21.087	|	        2.027	|	        4.351	|	        3.443 |
| -simple-sections-003	|	        0.000	|	        3.163	|	        8.496	|	        6.294 |
| -simple-sections-004	|	        8.017	|	        0.754	|	        1.557	|	        1.546 |
| -simple-sections-005	|	        0.000	|	        4.067	|	        8.644	|	        7.244 |
| 8-simple-comment-001	|	        0.000	|	        0.649	|	        1.433	|	        1.413 |
| 8-simple-comment-002	|	       11.389	|	        0.763	|	        2.202	|	        2.132 |
|   009-simple-dot-001	|	       20.210	|	        0.842	|	        3.575	|	        5.483 |
|   009-simple-dot-002	|	       19.877	|	        0.493	|	        2.308	|	        2.078 |
|   009-simple-dot-003	|	       20.157	|	        0.669	|	        3.190	|	        4.406 |
| le-doublesection-001	|	        0.000	|	        1.305	|	        3.654	|	        3.194 |
| le-doublesection-002	|	        0.000	|	        1.501	|	        4.498	|	        4.092 |
| le-doublesection-003	|	        0.000	|	        2.214	|	        7.513	|	        6.546 |
| le-doublesection-004	|	        0.000	|	        2.593	|	        7.569	|	        6.569 |
| le-doublesection-005	|	       74.602	|	        5.319	|	       13.449	|	       11.592 |
| 1-simple-context-001	|	       58.961	|	        4.119	|	       10.911	|	        9.497 |
| 1-simple-context-002	|	       59.641	|	        4.227	|	       10.875	|	        9.151 |
|  012-simple-this-001	|	       14.659	|	        1.333	|	        3.076	|	        3.620 |
|  012-simple-this-002	|	       21.164	|	        1.287	|	        3.306	|	        3.625 |
|  012-simple-this-003	|	       26.315	|	        2.101	|	        5.761	|	        5.942 |
|  012-simple-this-004	|	       26.176	|	        1.847	|	        5.635	|	        4.832 |
|  012-simple-this-005	|	       30.954	|	        2.503	|	        7.210	|	        8.408 |
|  012-simple-this-006	|	       31.655	|	        2.496	|	        7.490	|	        7.992 |
|      013-hb-each-001	|	       26.361	|	        1.804	|	        0.000	|	        0.000 |
|      013-hb-each-002	|	       13.509	|	        0.738	|	        0.000	|	        0.000 |
|      013-hb-each-003	|	       13.099	|	        0.684	|	        0.000	|	        0.000 |
|      013-hb-each-004	|	       11.938	|	        0.712	|	        0.000	|	        0.000 |
|      013-hb-each-005	|	       13.166	|	        0.697	|	        0.000	|	        0.000 |
|      013-hb-each-006	|	       12.094	|	        0.725	|	        0.000	|	        0.000 |
|      013-hb-each-007	|	       26.898	|	        1.767	|	        0.000	|	        0.000 |
|      013-hb-each-008	|	       34.414	|	        2.073	|	        0.000	|	        0.000 |
|      013-hb-each-009	|	       83.046	|	        3.868	|	        0.000	|	        0.000 |
|      013-hb-each-010	|	       13.270	|	        1.134	|	        0.000	|	        0.000 |
|      013-hb-each-011	|	       13.149	|	        1.129	|	        0.000	|	        0.000 |
|        014-hb-if-001	|	       36.228	|	        0.940	|	        0.000	|	        0.000 |
|        014-hb-if-002	|	       41.184	|	        1.121	|	        0.000	|	        0.000 |
|        014-hb-if-003	|	       40.092	|	        1.262	|	        0.000	|	        0.000 |
|        014-hb-if-004	|	       40.758	|	        1.280	|	        0.000	|	        0.000 |
|        014-hb-if-005	|	       35.798	|	        0.971	|	        0.000	|	        0.000 |
|        014-hb-if-006	|	       36.100	|	        1.023	|	        0.000	|	        0.000 |
|        014-hb-if-007	|	       41.636	|	        1.156	|	        0.000	|	        0.000 |
|        014-hb-if-008	|	       35.836	|	        0.985	|	        0.000	|	        0.000 |
|    015-hb-unless-001	|	       29.269	|	        0.982	|	        0.000	|	        0.000 |
|    015-hb-unless-002	|	       25.243	|	        0.901	|	        0.000	|	        0.000 |
|    015-hb-unless-003	|	       25.800	|	        0.939	|	        0.000	|	        0.000 |
|    015-hb-unless-004	|	       30.121	|	        1.080	|	        0.000	|	        0.000 |
|    015-hb-unless-005	|	       25.747	|	        0.936	|	        0.000	|	        0.000 |
|    015-hb-unless-006	|	       30.002	|	        0.971	|	        0.000	|	        0.000 |
|  016-hb-eachthis-001	|	       82.549	|	        3.869	|	        0.000	|	        0.000 |
|  016-hb-eachthis-002	|	       68.655	|	        3.256	|	        0.000	|	        0.000 |
|      017-hb-with-001	|	       25.091	|	        0.979	|	        0.000	|	        0.000 |
|      017-hb-with-002	|	       28.108	|	        1.010	|	        0.000	|	        0.000 |
|      017-hb-with-003	|	       24.505	|	        0.815	|	        0.000	|	        0.000 |
|  018-hb-withwith-001	|	        0.000	|	        1.242	|	        0.000	|	        0.000 |
|  018-hb-withwith-002	|	       82.588	|	        2.986	|	        0.000	|	        0.000 |
|  018-hb-withwith-003	|	      118.363	|	        6.757	|	        0.000	|	        0.000 |
|  018-hb-withwith-004	|	        0.000	|	        2.654	|	        0.000	|	        0.000 |
|  018-hb-withwith-005	|	        0.000	|	        2.669	|	        0.000	|	        0.000 |
|  018-hb-withwith-006	|	        0.000	|	        2.617	|	        0.000	|	        0.000 |
|  018-hb-withwith-007	|	        0.000	|	        1.189	|	        0.000	|	        0.000 |
| 19-hb-eachparent-001	|	      261.560	|	       12.765	|	        0.000	|	        0.000 |
| 19-hb-eachparent-002	|	        0.000	|	        7.823	|	        0.000	|	        0.000 |
|   020-hb-doteach-001	|	        0.000	|	        0.912	|	        0.000	|	        0.000 |
|   020-hb-doteach-002	|	       72.427	|	        3.635	|	        0.000	|	        0.000 |
| 21-hb-manyparent-001	|	      895.856	|	       25.674	|	        0.000	|	        0.000 |
| 21-hb-manyparent-002	|	      912.613	|	       26.036	|	        0.000	|	        0.000 |
| 21-hb-manyparent-003	|	    1,103.669	|	       29.820	|	        0.000	|	        0.000 |
| 21-hb-manyparent-004	|	    1,555.523	|	       48.650	|	        0.000	|	        0.000 |
| 2-simple-partial-001	|	       33.166	|	        5.042	|	        0.000	|	       25.441 |
|   023-hb-partial-001	|	       25.287	|	        2.371	|	        0.000	|	        0.000 |
|   023-hb-partial-002	|	       29.458	|	        3.077	|	        0.000	|	        0.000 |
|   023-hb-partial-003	|	       37.202	|	        3.105	|	        0.000	|	        0.000 |
|   023-hb-partial-004	|	       37.330	|	        4.063	|	        0.000	|	        0.000 |
| 024-hb-eachindex-001	|	      327.836	|	       15.683	|	        0.000	|	        0.000 |
| 024-hb-eachindex-002	|	       84.425	|	        4.647	|	        0.000	|	        0.000 |
| 024-hb-eachindex-003	|	       83.646	|	        4.911	|	        0.000	|	        0.000 |
| 024-hb-eachindex-004	|	       86.990	|	        5.550	|	        0.000	|	        0.000 |
| 024-hb-eachindex-005	|	       82.854	|	        5.020	|	        0.000	|	        0.000 |
| 024-hb-eachindex-006	|	       86.472	|	        5.471	|	        0.000	|	        0.000 |
| 024-hb-eachindex-007	|	       86.620	|	        5.442	|	        0.000	|	        0.000 |
| 024-hb-eachindex-008	|	       87.434	|	        5.506	|	        0.000	|	        0.000 |
| 024-hb-eachindex-009	|	       85.060	|	        5.524	|	        0.000	|	        0.000 |
| 024-hb-eachindex-010	|	       84.876	|	        5.502	|	        0.000	|	        0.000 |
| 024-hb-eachindex-011	|	       83.811	|	        5.561	|	        0.000	|	        0.000 |
| 024-hb-eachindex-012	|	       82.667	|	        5.020	|	        0.000	|	        0.000 |
| hb-partialparent-001	|	      126.485	|	        7.525	|	        0.000	|	        0.000 |
| hb-partialparent-002	|	      222.166	|	       10.459	|	        0.000	|	        0.000 |
|    026-hb-eachif-001	|	      108.153	|	        7.028	|	        0.000	|	        0.000 |
| 27-hb-arrayindex-001	|	       41.032	|	        2.244	|	        0.000	|	        0.000 |
| 27-hb-arrayindex-002	|	       55.683	|	        2.831	|	        0.000	|	        0.000 |
| 27-hb-arrayindex-003	|	       97.631	|	        5.070	|	        0.000	|	        0.000 |
|     028-hb-advar-001	|	       30.314	|	        0.956	|	        4.607	|	        5.647 |
|     028-hb-advar-002	|	       31.018	|	        0.822	|	        4.683	|	        5.818 |
|     028-hb-advar-003	|	       30.394	|	        0.972	|	        4.980	|	        6.649 |
| 029-hb-quotedarg-001	|	        0.000	|	        3.028	|	        0.000	|	        0.000 |
| 029-hb-quotedarg-002	|	        0.000	|	        3.075	|	        0.000	|	        0.000 |
| 029-hb-quotedarg-003	|	        0.000	|	        3.089	|	        0.000	|	        0.000 |
|  030-hb-namedarg-001	|	        0.000	|	        5.616	|	        4.031	|	        4.771 |
|  030-hb-namedarg-002	|	        0.000	|	        5.872	|	        4.032	|	        4.854 |
| 031-hb-blockhelp-001	|	        0.000	|	        3.522	|	        0.000	|	        0.000 |
| 031-hb-blockhelp-002	|	        0.000	|	        9.245	|	        0.000	|	        0.000 |
|    032-hb-helper-001	|	       36.388	|	        2.086	|	        0.000	|	        0.000 |
|    032-hb-helper-002	|	      111.465	|	        7.377	|	        0.000	|	        0.000 |
|    032-hb-helper-003	|	      113.902	|	        7.553	|	        0.000	|	        0.000 |
|    032-hb-helper-004	|	      152.515	|	        9.664	|	        0.000	|	        0.000 |
|    032-hb-helper-005	|	       73.627	|	        5.115	|	        0.000	|	        0.000 |
| -extendedcomment-001	|	        0.000	|	        0.197	|	        0.000	|	        0.000 |
|      034-hb-root-001	|	       34.714	|	        2.309	|	        0.000	|	        0.000 |
|  035-hb-eachelse-001	|	       10.850	|	        0.941	|	        0.000	|	        0.000 |
|  035-hb-eachelse-002	|	       11.016	|	        0.981	|	        0.000	|	        0.000 |
|  035-hb-eachelse-003	|	       11.207	|	        0.955	|	        0.000	|	        0.000 |
|  035-hb-eachelse-004	|	       10.991	|	        0.971	|	        0.000	|	        0.000 |
|  035-hb-eachelse-005	|	       10.962	|	        0.941	|	        0.000	|	        0.000 |
| 6-hb-sectionelse-001	|	        0.000	|	        0.964	|	        0.000	|	        0.000 |
| 6-hb-sectionelse-002	|	        5.588	|	        0.967	|	        0.000	|	        0.000 |
| 6-hb-sectionelse-003	|	        5.595	|	        0.984	|	        0.000	|	        0.000 |
| 6-hb-sectionelse-004	|	        5.625	|	        0.988	|	        0.000	|	        0.000 |
| 6-hb-sectionelse-005	|	        5.706	|	        0.942	|	        0.000	|	        0.000 |
| 6-hb-sectionelse-006	|	        5.692	|	        0.937	|	        0.000	|	        0.000 |
| b-each-firstlast-001	|	       49.910	|	        3.119	|	        0.000	|	        0.000 |
| b-each-firstlast-002	|	       16.050	|	        1.519	|	        0.000	|	        0.000 |
| b-each-firstlast-003	|	       28.077	|	        2.066	|	        0.000	|	        0.000 |
| hb-subexpression-001	|	       14.708	|	        0.883	|	        0.487	|	        0.563 |
| 39-hb-parenteach-001	|	      112.512	|	        9.346	|	        0.000	|	        0.000 |
| 39-hb-parenteach-002	|	      166.826	|	       12.855	|	        0.000	|	        0.000 |
|  livetest-001-hb-001	|	   14,443.227	|	      506.023	|	        0.000	|	        0.000 |
|  livetest-002-hb-001	|	       94.762	|	        5.054	|	        0.000	|	        0.000 |
