Test libraries in *100000* times, results as N seconds
*In this test lightncandy is configured as HANDLEBARS*
|	test case	| handlebars.php	|	lightncandy	|	mustache-php	|	mustache.php	|
|  001-simple-vars-001	|	       14.533	|	        0.359	|	        2.459	|	        2.254 |
|  001-simple-vars-002	|	       14.151	|	        0.320	|	        2.487	|	        2.341 |
|  001-simple-vars-003	|	       14.107	|	        0.483	|	        1.806	|	        1.133 |
|  001-simple-vars-004	|	       14.713	|	        0.342	|	        2.499	|	        2.277 |
|  001-simple-vars-005	|	       14.060	|	        0.294	|	        2.362	|	        2.222 |
|  001-simple-vars-006	|	       13.340	|	        0.421	|	        2.788	|	        4.105 |
|    002-simple-if-001	|	       11.951	|	        0.402	|	        2.460	|	        2.230 |
|    002-simple-if-002	|	        8.221	|	        0.339	|	        1.622	|	        1.613 |
|    002-simple-if-003	|	        8.202	|	        0.446	|	        1.456	|	        1.495 |
|  003-simple-else-001	|	       13.546	|	        0.444	|	        2.798	|	        2.470 |
|  003-simple-else-002	|	       13.484	|	        0.382	|	        2.778	|	        2.191 |
|  003-simple-else-003	|	       13.875	|	        0.619	|	        2.563	|	        2.113 |
|  003-simple-else-004	|	       13.699	|	        0.469	|	        2.827	|	        2.448 |
|  003-simple-else-005	|	       13.660	|	        0.456	|	        2.769	|	        2.186 |
|  003-simple-else-006	|	       13.522	|	        0.526	|	        2.819	|	        2.122 |
|  003-simple-else-007	|	       13.479	|	        0.524	|	        3.582	|	        2.121 |
|  003-simple-else-008	|	       13.289	|	        0.524	|	        2.840	|	        2.567 |
|  003-simple-else-009	|	       13.483	|	        0.435	|	        2.790	|	        2.262 |
|  003-simple-else-010	|	       14.157	|	        0.468	|	        2.789	|	        2.563 |
|  003-simple-else-011	|	       13.453	|	        0.519	|	        2.824	|	        2.450 |
|  003-simple-else-012	|	       13.347	|	        0.543	|	        2.791	|	        2.433 |
| 004-simple-mvars-001	|	       59.608	|	        0.968	|	        9.551	|	        8.690 |
| 004-simple-mvars-002	|	       60.747	|	        0.985	|	        9.778	|	        8.783 |
| 004-simple-mvars-003	|	       58.850	|	        1.673	|	        6.473	|	        4.172 |
| 004-simple-mvars-004	|	       60.054	|	        1.095	|	        9.750	|	        8.926 |
| 05-simple-escape-001	|	       14.750	|	        0.394	|	        2.561	|	        2.345 |
| 05-simple-escape-002	|	       14.642	|	        0.419	|	        2.440	|	        2.118 |
| 05-simple-escape-003	|	       14.829	|	        0.371	|	        2.468	|	        2.221 |
| 6-simple-section-001	|	       24.250	|	        0.886	|	        4.290	|	        3.893 |
| 6-simple-section-002	|	       11.144	|	        0.532	|	        1.768	|	        1.855 |
| 6-simple-section-003	|	       11.132	|	        0.598	|	        1.967	|	        1.907 |
| 6-simple-section-004	|	       17.307	|	        0.632	|	        2.975	|	        3.193 |
| 6-simple-section-005	|	       11.075	|	        0.477	|	        1.958	|	        1.923 |
| 6-simple-section-006	|	       17.480	|	        0.608	|	        2.965	|	        2.973 |
| 6-simple-section-007	|	       25.622	|	        1.001	|	        4.200	|	        3.974 |
| 6-simple-section-008	|	       31.954	|	        1.177	|	        5.069	|	        4.759 |
| 6-simple-section-009	|	       76.230	|	        2.039	|	       12.589	|	       11.200 |
| 6-simple-section-010	|	       11.497	|	        0.545	|	        1.982	|	        1.951 |
| 6-simple-section-011	|	       11.280	|	        0.592	|	        2.016	|	        1.920 |
| -simple-sections-001	|	       42.139	|	        2.168	|	        8.462	|	        7.085 |
| -simple-sections-002	|	       21.588	|	        1.130	|	        4.500	|	        3.582 |
| -simple-sections-003	|	       43.530	|	        2.092	|	        8.410	|	        6.539 |
| -simple-sections-004	|	        8.174	|	        0.517	|	        1.606	|	        1.611 |
| -simple-sections-005	|	       46.070	|	        2.723	|	        8.732	|	        7.630 |
| 8-simple-comment-001	|	        7.736	|	        0.418	|	        1.453	|	        1.492 |
| 8-simple-comment-002	|	       11.607	|	        0.416	|	        2.349	|	        2.217 |
|   009-simple-dot-001	|	       20.502	|	        0.404	|	        3.745	|	        5.605 |
|   009-simple-dot-002	|	       20.065	|	        0.596	|	        2.369	|	        2.193 |
|   009-simple-dot-003	|	       20.694	|	        0.345	|	        3.339	|	        4.577 |
| le-doublesection-001	|	       25.336	|	        1.517	|	        3.765	|	        3.488 |
| le-doublesection-002	|	       25.088	|	        1.097	|	        4.591	|	        4.264 |
| le-doublesection-003	|	       42.150	|	        1.666	|	        7.698	|	        6.798 |
| le-doublesection-004	|	       34.307	|	        1.634	|	        7.739	|	        6.754 |
| le-doublesection-005	|	       77.962	|	        3.162	|	       14.041	|	       12.091 |
| 1-simple-context-001	|	       60.488	|	        2.749	|	       11.481	|	       10.003 |
| 1-simple-context-002	|	       60.835	|	        2.898	|	       11.147	|	        9.489 |
|  012-simple-this-001	|	       14.770	|	        0.000	|	        3.243	|	        3.799 |
|  012-simple-this-002	|	       21.097	|	        0.000	|	        3.324	|	        3.684 |
|  012-simple-this-003	|	       27.579	|	        0.000	|	        5.997	|	        6.211 |
|  012-simple-this-004	|	       27.818	|	        0.000	|	        5.905	|	        5.531 |
|  012-simple-this-005	|	       32.127	|	        0.000	|	        7.265	|	        8.824 |
|  012-simple-this-006	|	       32.109	|	        0.000	|	        7.829	|	        8.327 |
|      013-hb-each-001	|	       27.968	|	        0.857	|	        0.000	|	        0.000 |
|      013-hb-each-002	|	       13.812	|	        0.597	|	        0.000	|	        0.000 |
|      013-hb-each-003	|	       13.571	|	        0.562	|	        0.000	|	        0.000 |
|      013-hb-each-004	|	       12.105	|	        0.532	|	        0.000	|	        0.000 |
|      013-hb-each-005	|	       13.745	|	        0.538	|	        0.000	|	        0.000 |
|      013-hb-each-006	|	       12.665	|	        0.530	|	        0.000	|	        0.000 |
|      013-hb-each-007	|	       27.362	|	        1.022	|	        0.000	|	        0.000 |
|      013-hb-each-008	|	       34.717	|	        1.146	|	        0.000	|	        0.000 |
|      013-hb-each-009	|	       85.771	|	        2.011	|	        0.000	|	        0.000 |
|      013-hb-each-010	|	       14.021	|	        0.572	|	        0.000	|	        0.000 |
|      013-hb-each-011	|	       13.617	|	        0.574	|	        0.000	|	        0.000 |
|        014-hb-if-001	|	       37.080	|	        0.764	|	        0.000	|	        0.000 |
|        014-hb-if-002	|	       41.668	|	        0.702	|	        0.000	|	        0.000 |
|        014-hb-if-003	|	       41.453	|	        0.707	|	        0.000	|	        0.000 |
|        014-hb-if-004	|	       41.289	|	        0.697	|	        0.000	|	        0.000 |
|        014-hb-if-005	|	       37.126	|	        0.697	|	        0.000	|	        0.000 |
|        014-hb-if-006	|	       37.014	|	        0.682	|	        0.000	|	        0.000 |
|        014-hb-if-007	|	       42.176	|	        0.703	|	        0.000	|	        0.000 |
|        014-hb-if-008	|	       37.202	|	        0.779	|	        0.000	|	        0.000 |
|    015-hb-unless-001	|	       30.698	|	        0.635	|	        0.000	|	        0.000 |
|    015-hb-unless-002	|	       26.098	|	        0.414	|	        0.000	|	        0.000 |
|    015-hb-unless-003	|	       25.549	|	        0.407	|	        0.000	|	        0.000 |
|    015-hb-unless-004	|	       30.170	|	        0.438	|	        0.000	|	        0.000 |
|    015-hb-unless-005	|	       25.523	|	        0.430	|	        0.000	|	        0.000 |
|    015-hb-unless-006	|	       30.378	|	        0.412	|	        0.000	|	        0.000 |
|  016-hb-eachthis-001	|	       84.639	|	        0.865	|	        0.000	|	        0.000 |
|  016-hb-eachthis-002	|	       70.366	|	        0.920	|	        0.000	|	        0.000 |
|      017-hb-with-001	|	       26.049	|	        0.000	|	        0.000	|	        0.000 |
|      017-hb-with-002	|	       30.276	|	        0.000	|	        0.000	|	        0.000 |
|      017-hb-with-003	|	       24.503	|	        0.000	|	        0.000	|	        0.000 |
|  018-hb-withwith-001	|	       85.246	|	        0.000	|	        0.000	|	        0.000 |
|  018-hb-withwith-002	|	       84.888	|	        0.000	|	        0.000	|	        0.000 |
|  018-hb-withwith-003	|	      123.824	|	        0.000	|	        0.000	|	        0.000 |
|  018-hb-withwith-004	|	       83.937	|	        0.000	|	        0.000	|	        0.000 |
|  018-hb-withwith-005	|	       84.396	|	        0.000	|	        0.000	|	        0.000 |
|  018-hb-withwith-006	|	       84.854	|	        0.000	|	        0.000	|	        0.000 |
|  018-hb-withwith-007	|	       84.465	|	        0.000	|	        0.000	|	        0.000 |
| 19-hb-eachparent-001	|	      273.631	|	        3.371	|	        0.000	|	        0.000 |
| 19-hb-eachparent-002	|	      225.211	|	        1.693	|	        0.000	|	        0.000 |
|   020-hb-doteach-001	|	       17.447	|	        0.772	|	        0.000	|	        0.000 |
|   020-hb-doteach-002	|	       74.380	|	        0.749	|	        0.000	|	        0.000 |
| 21-hb-manyparent-001	|	      923.761	|	        0.000	|	        0.000	|	        0.000 |
| 21-hb-manyparent-002	|	      946.035	|	        0.000	|	        0.000	|	        0.000 |
| 21-hb-manyparent-003	|	    1,145.352	|	        0.000	|	        0.000	|	        0.000 |
| 21-hb-manyparent-004	|	    1,604.682	|	        0.000	|	        0.000	|	        0.000 |
| 2-simple-partial-001	|	       34.605	|	        0.000	|	        0.000	|	       27.539 |
|   023-hb-partial-001	|	       26.167	|	        0.000	|	        0.000	|	        0.000 |
|   023-hb-partial-002	|	       31.295	|	        0.000	|	        0.000	|	        0.000 |
|   023-hb-partial-003	|	       38.372	|	        0.000	|	        0.000	|	        0.000 |
|   023-hb-partial-004	|	       37.862	|	        0.000	|	        0.000	|	        0.000 |
| 024-hb-eachindex-001	|	      324.735	|	        8.834	|	        0.000	|	        0.000 |
| 024-hb-eachindex-002	|	       84.362	|	        0.342	|	        0.000	|	        0.000 |
| 024-hb-eachindex-003	|	       86.048	|	        0.342	|	        0.000	|	        0.000 |
| 024-hb-eachindex-004	|	       88.683	|	        0.353	|	        0.000	|	        0.000 |
| 024-hb-eachindex-005	|	       85.993	|	        0.344	|	        0.000	|	        0.000 |
| 024-hb-eachindex-006	|	       84.665	|	        0.352	|	        0.000	|	        0.000 |
| 024-hb-eachindex-007	|	       84.216	|	        0.351	|	        0.000	|	        0.000 |
| 024-hb-eachindex-008	|	       89.092	|	        0.343	|	        0.000	|	        0.000 |
| 024-hb-eachindex-009	|	       84.777	|	        0.330	|	        0.000	|	        0.000 |
| 024-hb-eachindex-010	|	       86.998	|	        0.348	|	        0.000	|	        0.000 |
| 024-hb-eachindex-011	|	       85.798	|	        0.359	|	        0.000	|	        0.000 |
| 024-hb-eachindex-012	|	       83.764	|	        0.358	|	        0.000	|	        0.000 |
| hb-partialparent-001	|	      127.865	|	        0.000	|	        0.000	|	        0.000 |
| hb-partialparent-002	|	      225.260	|	        0.000	|	        0.000	|	        0.000 |
|    026-hb-eachif-001	|	      107.954	|	        3.448	|	        0.000	|	        0.000 |
| 27-hb-arrayindex-001	|	       40.722	|	        1.176	|	        0.000	|	        0.000 |
| 27-hb-arrayindex-002	|	       56.502	|	        1.097	|	        0.000	|	        0.000 |
| 27-hb-arrayindex-003	|	      102.790	|	        3.726	|	        0.000	|	        0.000 |
|     028-hb-advar-001	|	       32.163	|	        0.833	|	        5.007	|	        6.106 |
|     028-hb-advar-002	|	       31.230	|	        0.880	|	        4.791	|	        6.145 |
|     028-hb-advar-003	|	       32.652	|	        0.802	|	        5.141	|	        6.868 |
| 029-hb-quotedarg-001	|	        0.000	|	        0.986	|	        0.000	|	        0.000 |
| 029-hb-quotedarg-002	|	        0.000	|	        0.956	|	        0.000	|	        0.000 |
| 029-hb-quotedarg-003	|	        0.000	|	        1.045	|	        0.000	|	        0.000 |
|  030-hb-namedarg-001	|	        0.000	|	        0.887	|	        4.077	|	        4.996 |
|  030-hb-namedarg-002	|	        0.000	|	        0.915	|	        4.110	|	        5.093 |
| 031-hb-blockhelp-001	|	        0.000	|	        0.000	|	        0.000	|	        0.000 |
| 031-hb-blockhelp-002	|	        0.000	|	        0.000	|	        0.000	|	        0.000 |
|    032-hb-helper-001	|	       36.831	|	        0.806	|	        0.000	|	        0.000 |
|    032-hb-helper-002	|	      114.153	|	        0.701	|	        0.000	|	        0.000 |
|    032-hb-helper-003	|	      114.436	|	        0.700	|	        0.000	|	        0.000 |
|    032-hb-helper-004	|	      150.991	|	        0.746	|	        0.000	|	        0.000 |
|    032-hb-helper-005	|	       74.120	|	        1.572	|	        0.000	|	        0.000 |
| -extendedcomment-001	|	        0.000	|	        0.000	|	        0.000	|	        0.000 |
|      034-hb-root-001	|	       36.066	|	        0.000	|	        0.000	|	        0.000 |
|  035-hb-eachelse-001	|	       11.220	|	        0.000	|	        0.000	|	        0.000 |
|  035-hb-eachelse-002	|	       11.106	|	        0.000	|	        0.000	|	        0.000 |
|  035-hb-eachelse-003	|	       11.211	|	        0.000	|	        0.000	|	        0.000 |
|  035-hb-eachelse-004	|	       11.198	|	        0.000	|	        0.000	|	        0.000 |
|  035-hb-eachelse-005	|	       11.704	|	        0.000	|	        0.000	|	        0.000 |
| 6-hb-sectionelse-001	|	        5.747	|	        0.000	|	        0.000	|	        0.000 |
| 6-hb-sectionelse-002	|	        5.816	|	        0.000	|	        0.000	|	        0.000 |
| 6-hb-sectionelse-003	|	        5.647	|	        0.000	|	        0.000	|	        0.000 |
| 6-hb-sectionelse-004	|	        5.738	|	        0.000	|	        0.000	|	        0.000 |
| 6-hb-sectionelse-005	|	        5.827	|	        0.000	|	        0.000	|	        0.000 |
| 6-hb-sectionelse-006	|	        6.003	|	        0.000	|	        0.000	|	        0.000 |
| b-each-firstlast-001	|	       51.807	|	        2.256	|	        0.000	|	        0.000 |
| b-each-firstlast-002	|	       15.943	|	        0.871	|	        0.000	|	        0.000 |
| b-each-firstlast-003	|	       28.204	|	        0.307	|	        0.000	|	        0.000 |
| hb-subexpression-001	|	       14.405	|	        0.135	|	        0.509	|	        0.584 |
| 39-hb-parenteach-001	|	      117.510	|	        0.000	|	        0.000	|	        0.000 |
| 39-hb-parenteach-002	|	      176.401	|	        0.000	|	        0.000	|	        0.000 |
|  livetest-001-hb-001	|	   16,058.337	|	        0.352	|	        0.000	|	        0.000 |
|  livetest-002-hb-001	|	       95.939	|	        2.437	|	        0.000	|	        0.000 |
