Test libraries in *100000* times, results as N seconds
*In this test lightncandy is configured as HANDLEBARS*
|	test case	| handlebars.php	|	lightncandy	|	mustache-php	|	mustache.php	|
|  001-simple-vars-001	|	       14.334	|	        0.625	|	        2.332	|	        2.210 |
|  001-simple-vars-002	|	       14.209	|	        0.643	|	        2.478	|	        2.322 |
|  001-simple-vars-003	|	       14.276	|	        0.508	|	        1.735	|	        1.143 |
|  001-simple-vars-004	|	       14.207	|	        0.688	|	        2.524	|	        2.269 |
|  001-simple-vars-005	|	       14.405	|	        0.687	|	        2.437	|	        2.305 |
|  001-simple-vars-006	|	       13.564	|	        0.803	|	        2.739	|	        3.920 |
|    002-simple-if-001	|	       11.788	|	        0.778	|	        2.314	|	        2.233 |
|    002-simple-if-002	|	        8.206	|	        0.660	|	        1.607	|	        1.577 |
|    002-simple-if-003	|	        8.143	|	        0.645	|	        1.460	|	        1.570 |
|  003-simple-else-001	|	       13.572	|	        0.843	|	        2.810	|	        2.501 |
|  003-simple-else-002	|	       13.564	|	        0.814	|	        2.806	|	        2.287 |
|  003-simple-else-003	|	       13.172	|	        0.799	|	        2.439	|	        2.122 |
|  003-simple-else-004	|	       13.395	|	        0.863	|	        2.840	|	        2.489 |
|  003-simple-else-005	|	       13.517	|	        0.836	|	        2.745	|	        2.238 |
|  003-simple-else-006	|	       13.408	|	        0.835	|	        2.767	|	        2.196 |
|  003-simple-else-007	|	       13.528	|	        0.852	|	        3.518	|	        2.155 |
|  003-simple-else-008	|	       13.671	|	        0.884	|	        2.804	|	        2.444 |
|  003-simple-else-009	|	       13.547	|	        0.793	|	        2.832	|	        2.227 |
|  003-simple-else-010	|	       14.339	|	        0.840	|	        2.773	|	        2.471 |
|  003-simple-else-011	|	       13.148	|	        0.843	|	        2.785	|	        2.481 |
|  003-simple-else-012	|	       13.327	|	        0.824	|	        2.948	|	        2.457 |
| 004-simple-mvars-001	|	       61.119	|	        1.972	|	        9.467	|	        8.561 |
| 004-simple-mvars-002	|	       62.140	|	        1.840	|	        9.739	|	        8.854 |
| 004-simple-mvars-003	|	       59.362	|	        1.254	|	        6.528	|	        4.268 |
| 004-simple-mvars-004	|	       60.305	|	        2.117	|	        9.757	|	        8.949 |
| 05-simple-escape-001	|	       14.648	|	        0.558	|	        2.464	|	        2.373 |
| 05-simple-escape-002	|	       14.137	|	        0.538	|	        2.557	|	        2.192 |
| 05-simple-escape-003	|	       13.976	|	        0.539	|	        2.459	|	        2.291 |
| 6-simple-section-001	|	       24.024	|	        1.981	|	        4.358	|	        3.888 |
| 6-simple-section-002	|	       11.293	|	        0.696	|	        1.795	|	        1.858 |
| 6-simple-section-003	|	       11.405	|	        0.841	|	        1.934	|	        1.923 |
| 6-simple-section-004	|	       17.381	|	        0.853	|	        3.020	|	        2.991 |
| 6-simple-section-005	|	       11.118	|	        0.728	|	        1.959	|	        1.981 |
| 6-simple-section-006	|	       18.396	|	        0.867	|	        3.015	|	        3.030 |
| 6-simple-section-007	|	       25.239	|	        1.895	|	        4.182	|	        4.113 |
| 6-simple-section-008	|	       32.430	|	        2.164	|	        5.073	|	        4.979 |
| 6-simple-section-009	|	       80.394	|	        4.076	|	       12.530	|	       10.442 |
| 6-simple-section-010	|	       11.483	|	        1.264	|	        1.884	|	        2.030 |
| 6-simple-section-011	|	       11.418	|	        1.198	|	        1.943	|	        1.973 |
| -simple-sections-001	|	       42.188	|	        3.152	|	        8.541	|	        6.627 |
| -simple-sections-002	|	       21.406	|	        2.098	|	        4.498	|	        3.595 |
| -simple-sections-003	|	       41.886	|	        3.209	|	        8.630	|	        6.696 |
| -simple-sections-004	|	        7.944	|	        0.732	|	        1.584	|	        1.640 |
| -simple-sections-005	|	       46.220	|	        4.410	|	        8.688	|	        7.767 |
| 8-simple-comment-001	|	        7.729	|	        0.619	|	        1.475	|	        1.484 |
| 8-simple-comment-002	|	       11.642	|	        0.779	|	        2.346	|	        2.257 |
|   009-simple-dot-001	|	       20.242	|	        0.930	|	        3.736	|	        5.577 |
|   009-simple-dot-002	|	       20.269	|	        0.562	|	        2.330	|	        2.154 |
|   009-simple-dot-003	|	       19.798	|	        0.705	|	        3.357	|	        4.579 |
| le-doublesection-001	|	       24.581	|	        1.273	|	        3.787	|	        3.376 |
| le-doublesection-002	|	       25.693	|	        1.489	|	        4.682	|	        4.272 |
| le-doublesection-003	|	       44.074	|	        2.151	|	        7.738	|	        6.836 |
| le-doublesection-004	|	       34.509	|	        2.617	|	        7.756	|	        6.956 |
| le-doublesection-005	|	       77.516	|	        5.457	|	       14.184	|	       11.962 |
| 1-simple-context-001	|	       60.575	|	        4.462	|	       11.356	|	       10.603 |
| 1-simple-context-002	|	       60.048	|	        4.630	|	       10.799	|	        9.717 |
|  012-simple-this-001	|	       14.883	|	        1.372	|	        3.335	|	        3.766 |
|  012-simple-this-002	|	       20.964	|	        1.335	|	        3.325	|	        3.742 |
|  012-simple-this-003	|	       27.610	|	        2.243	|	        5.865	|	        6.224 |
|  012-simple-this-004	|	       27.348	|	        1.965	|	        5.724	|	        5.102 |
|  012-simple-this-005	|	       31.930	|	        2.753	|	        7.518	|	        8.976 |
|  012-simple-this-006	|	       32.172	|	        2.653	|	        8.090	|	        8.316 |
|      013-hb-each-001	|	       27.489	|	        1.951	|	        0.000	|	        0.000 |
|      013-hb-each-002	|	       13.830	|	        0.709	|	        0.000	|	        0.000 |
|      013-hb-each-003	|	       14.022	|	        0.731	|	        0.000	|	        0.000 |
|      013-hb-each-004	|	       12.357	|	        0.714	|	        0.000	|	        0.000 |
|      013-hb-each-005	|	       13.307	|	        0.744	|	        0.000	|	        0.000 |
|      013-hb-each-006	|	       12.332	|	        0.698	|	        0.000	|	        0.000 |
|      013-hb-each-007	|	       27.604	|	        1.939	|	        0.000	|	        0.000 |
|      013-hb-each-008	|	       34.436	|	        2.153	|	        0.000	|	        0.000 |
|      013-hb-each-009	|	       86.002	|	        4.029	|	        0.000	|	        0.000 |
|      013-hb-each-010	|	       14.654	|	        1.221	|	        0.000	|	        0.000 |
|      013-hb-each-011	|	       13.531	|	        1.196	|	        0.000	|	        0.000 |
|        014-hb-if-001	|	       37.912	|	        0.925	|	        0.000	|	        0.000 |
|        014-hb-if-002	|	       42.302	|	        1.059	|	        0.000	|	        0.000 |
|        014-hb-if-003	|	       42.035	|	        1.192	|	        0.000	|	        0.000 |
|        014-hb-if-004	|	       41.536	|	        1.205	|	        0.000	|	        0.000 |
|        014-hb-if-005	|	       36.878	|	        0.937	|	        0.000	|	        0.000 |
|        014-hb-if-006	|	       36.682	|	        1.071	|	        0.000	|	        0.000 |
|        014-hb-if-007	|	       42.967	|	        1.126	|	        0.000	|	        0.000 |
|        014-hb-if-008	|	       36.242	|	        0.937	|	        0.000	|	        0.000 |
|    015-hb-unless-001	|	       31.216	|	        0.864	|	        0.000	|	        0.000 |
|    015-hb-unless-002	|	       25.830	|	        0.831	|	        0.000	|	        0.000 |
|    015-hb-unless-003	|	       26.552	|	        0.897	|	        0.000	|	        0.000 |
|    015-hb-unless-004	|	       30.537	|	        1.052	|	        0.000	|	        0.000 |
|    015-hb-unless-005	|	       26.408	|	        0.893	|	        0.000	|	        0.000 |
|    015-hb-unless-006	|	       32.297	|	        0.944	|	        0.000	|	        0.000 |
|  016-hb-eachthis-001	|	       85.092	|	        4.621	|	        0.000	|	        0.000 |
|  016-hb-eachthis-002	|	       70.636	|	        3.587	|	        0.000	|	        0.000 |
|      017-hb-with-001	|	       25.318	|	        0.891	|	        0.000	|	        0.000 |
|      017-hb-with-002	|	       28.895	|	        0.989	|	        0.000	|	        0.000 |
|      017-hb-with-003	|	       25.026	|	        0.768	|	        0.000	|	        0.000 |
|  018-hb-withwith-001	|	       83.758	|	        1.166	|	        0.000	|	        0.000 |
|  018-hb-withwith-002	|	       85.705	|	        2.878	|	        0.000	|	        0.000 |
|  018-hb-withwith-003	|	      122.311	|	        7.348	|	        0.000	|	        0.000 |
|  018-hb-withwith-004	|	       84.242	|	        2.519	|	        0.000	|	        0.000 |
|  018-hb-withwith-005	|	       87.769	|	        2.563	|	        0.000	|	        0.000 |
|  018-hb-withwith-006	|	       88.017	|	        2.461	|	        0.000	|	        0.000 |
|  018-hb-withwith-007	|	       84.072	|	        1.135	|	        0.000	|	        0.000 |
| 19-hb-eachparent-001	|	      278.889	|	       13.504	|	        0.000	|	        0.000 |
| 19-hb-eachparent-002	|	      222.871	|	        8.214	|	        0.000	|	        0.000 |
|   020-hb-doteach-001	|	       16.864	|	        0.977	|	        0.000	|	        0.000 |
|   020-hb-doteach-002	|	       73.901	|	        3.692	|	        0.000	|	        0.000 |
| 21-hb-manyparent-001	|	      901.469	|	       19.715	|	        0.000	|	        0.000 |
| 21-hb-manyparent-002	|	      958.003	|	       19.701	|	        0.000	|	        0.000 |
| 21-hb-manyparent-003	|	    1,156.069	|	       21.134	|	        0.000	|	        0.000 |
| 21-hb-manyparent-004	|	    1,607.116	|	       34.268	|	        0.000	|	        0.000 |
| 2-simple-partial-001	|	       34.788	|	        5.027	|	        0.000	|	       26.517 |
|   023-hb-partial-001	|	       26.014	|	        2.671	|	        0.000	|	        0.000 |
|   023-hb-partial-002	|	       31.892	|	        3.338	|	        0.000	|	        0.000 |
|   023-hb-partial-003	|	       39.388	|	        3.342	|	        0.000	|	        0.000 |
|   023-hb-partial-004	|	       39.924	|	        3.994	|	        0.000	|	        0.000 |
| 024-hb-eachindex-001	|	      336.945	|	       10.353	|	        0.000	|	        0.000 |
| 024-hb-eachindex-002	|	       85.042	|	        3.577	|	        0.000	|	        0.000 |
| 024-hb-eachindex-003	|	       84.906	|	        3.930	|	        0.000	|	        0.000 |
| 024-hb-eachindex-004	|	       86.043	|	        4.028	|	        0.000	|	        0.000 |
| 024-hb-eachindex-005	|	       86.077	|	        3.994	|	        0.000	|	        0.000 |
| 024-hb-eachindex-006	|	       85.863	|	        4.039	|	        0.000	|	        0.000 |
| 024-hb-eachindex-007	|	       84.291	|	        4.112	|	        0.000	|	        0.000 |
| 024-hb-eachindex-008	|	       85.258	|	        3.982	|	        0.000	|	        0.000 |
| 024-hb-eachindex-009	|	       84.139	|	        3.954	|	        0.000	|	        0.000 |
| 024-hb-eachindex-010	|	       86.790	|	        4.070	|	        0.000	|	        0.000 |
| 024-hb-eachindex-011	|	       87.048	|	        4.047	|	        0.000	|	        0.000 |
| 024-hb-eachindex-012	|	       86.628	|	        4.049	|	        0.000	|	        0.000 |
| hb-partialparent-001	|	      128.766	|	        8.323	|	        0.000	|	        0.000 |
| hb-partialparent-002	|	      231.001	|	       11.272	|	        0.000	|	        0.000 |
|    026-hb-eachif-001	|	      111.079	|	        5.040	|	        0.000	|	        0.000 |
| 27-hb-arrayindex-001	|	       41.341	|	        2.594	|	        0.000	|	        0.000 |
| 27-hb-arrayindex-002	|	       57.425	|	        3.139	|	        0.000	|	        0.000 |
| 27-hb-arrayindex-003	|	      100.435	|	        5.577	|	        0.000	|	        0.000 |
|     028-hb-advar-001	|	       30.831	|	        0.931	|	        4.761	|	        5.879 |
|     028-hb-advar-002	|	       30.977	|	        0.914	|	        4.807	|	        6.225 |
|     028-hb-advar-003	|	       30.695	|	        0.999	|	        5.101	|	        6.931 |
| 029-hb-quotedarg-001	|	        0.000	|	        3.430	|	        0.000	|	        0.000 |
| 029-hb-quotedarg-002	|	        0.000	|	        3.557	|	        0.000	|	        0.000 |
| 029-hb-quotedarg-003	|	        0.000	|	        3.718	|	        0.000	|	        0.000 |
|  030-hb-namedarg-001	|	        0.000	|	        6.412	|	        4.065	|	        4.871 |
|  030-hb-namedarg-002	|	        0.000	|	        6.836	|	        4.221	|	        5.133 |
| 031-hb-blockhelp-001	|	        0.000	|	        6.530	|	        0.000	|	        0.000 |
| 031-hb-blockhelp-002	|	        0.000	|	       16.081	|	        0.000	|	        0.000 |
|    032-hb-helper-001	|	       36.081	|	        2.362	|	        0.000	|	        0.000 |
|    032-hb-helper-002	|	      112.821	|	        7.918	|	        0.000	|	        0.000 |
|    032-hb-helper-003	|	      114.131	|	        7.977	|	        0.000	|	        0.000 |
|    032-hb-helper-004	|	      148.093	|	       10.299	|	        0.000	|	        0.000 |
|    032-hb-helper-005	|	       76.514	|	        5.632	|	        0.000	|	        0.000 |
| -extendedcomment-001	|	        0.000	|	        0.231	|	        0.000	|	        0.000 |
|      034-hb-root-001	|	       36.395	|	        2.541	|	        0.000	|	        0.000 |
|  035-hb-eachelse-001	|	       11.053	|	        0.673	|	        0.000	|	        0.000 |
|  035-hb-eachelse-002	|	       11.008	|	        0.718	|	        0.000	|	        0.000 |
|  035-hb-eachelse-003	|	       11.240	|	        0.692	|	        0.000	|	        0.000 |
|  035-hb-eachelse-004	|	       11.146	|	        0.681	|	        0.000	|	        0.000 |
|  035-hb-eachelse-005	|	       11.154	|	        0.709	|	        0.000	|	        0.000 |
| 6-hb-sectionelse-001	|	        5.640	|	        0.718	|	        0.000	|	        0.000 |
| 6-hb-sectionelse-002	|	        6.031	|	        0.665	|	        0.000	|	        0.000 |
| 6-hb-sectionelse-003	|	        5.607	|	        0.667	|	        0.000	|	        0.000 |
| 6-hb-sectionelse-004	|	        5.667	|	        0.717	|	        0.000	|	        0.000 |
| 6-hb-sectionelse-005	|	        5.938	|	        0.678	|	        0.000	|	        0.000 |
| 6-hb-sectionelse-006	|	        5.801	|	        0.675	|	        0.000	|	        0.000 |
| b-each-firstlast-001	|	       51.235	|	        3.180	|	        0.000	|	        0.000 |
| b-each-firstlast-002	|	       16.715	|	        1.585	|	        0.000	|	        0.000 |
| b-each-firstlast-003	|	       29.289	|	        2.333	|	        0.000	|	        0.000 |
| hb-subexpression-001	|	       14.419	|	        1.273	|	        0.523	|	        0.616 |
| 39-hb-parenteach-001	|	      117.500	|	       10.193	|	        0.000	|	        0.000 |
| 39-hb-parenteach-002	|	      177.180	|	       13.638	|	        0.000	|	        0.000 |
|  livetest-001-hb-001	|	   14,892.965	|	      534.145	|	        0.000	|	        0.000 |
|  livetest-002-hb-001	|	       96.537	|	        4.668	|	        0.000	|	        0.000 |
