Test libraries in *100000* times, results as N seconds
*In this test lightncandy is configured as HANDLEBARS*
|	test case	| handlebars.php	|	lightncandy	|	mustache-php	|	mustache.php	|
|  001-simple-vars-001	|	        1.557	|	        0.115	|	        0.302	|	        0.224 |
|  001-simple-vars-002	|	        1.527	|	        0.115	|	        0.323	|	        0.224 |
|  001-simple-vars-003	|	        1.550	|	        0.086	|	        0.259	|	        0.136 |
|  001-simple-vars-004	|	        1.569	|	        0.127	|	        0.329	|	        0.233 |
|  001-simple-vars-005	|	        1.558	|	        0.122	|	        0.332	|	        0.224 |
|  001-simple-vars-006	|	        1.439	|	        0.153	|	        0.353	|	        0.000 |
|    002-simple-if-001	|	        1.354	|	        0.123	|	        0.339	|	        0.226 |
|    002-simple-if-002	|	        0.922	|	        0.098	|	        0.228	|	        0.154 |
|    002-simple-if-003	|	        0.961	|	        0.097	|	        0.214	|	        0.148 |
|  003-simple-else-001	|	        1.504	|	        0.132	|	        0.401	|	        0.250 |
|  003-simple-else-002	|	        1.468	|	        0.127	|	        0.405	|	        0.216 |
|  003-simple-else-003	|	        1.490	|	        0.124	|	        0.377	|	        0.210 |
|  003-simple-else-004	|	        1.560	|	        0.125	|	        0.398	|	        0.244 |
|  003-simple-else-005	|	        1.456	|	        0.127	|	        0.398	|	        0.215 |
|  003-simple-else-006	|	        1.502	|	        0.125	|	        0.401	|	        0.210 |
|  003-simple-else-007	|	        1.471	|	        0.125	|	        0.519	|	        0.206 |
|  003-simple-else-008	|	        1.535	|	        0.123	|	        0.399	|	        0.238 |
|  003-simple-else-009	|	        1.482	|	        0.126	|	        0.402	|	        0.217 |
|  003-simple-else-010	|	        1.540	|	        0.121	|	        0.399	|	        0.244 |
|  003-simple-else-011	|	        1.555	|	        0.127	|	        0.403	|	        0.235 |
|  003-simple-else-012	|	        1.545	|	        0.127	|	        0.408	|	        0.241 |
| 004-simple-mvars-001	|	        6.484	|	        0.370	|	        1.402	|	        0.860 |
| 004-simple-mvars-002	|	        6.400	|	        0.372	|	        1.369	|	        0.853 |
| 004-simple-mvars-003	|	        6.503	|	        0.246	|	        1.006	|	        0.491 |
| 004-simple-mvars-004	|	        6.533	|	        0.409	|	        1.400	|	        0.902 |
| 05-simple-escape-001	|	        1.584	|	        0.103	|	        0.368	|	        0.227 |
| 05-simple-escape-002	|	        1.588	|	        0.104	|	        0.368	|	        0.219 |
| 05-simple-escape-003	|	        1.635	|	        0.105	|	        0.366	|	        0.221 |
| 6-simple-section-001	|	        2.606	|	        0.285	|	        0.616	|	        0.400 |
| 6-simple-section-002	|	        1.240	|	        0.107	|	        0.263	|	        0.177 |
| 6-simple-section-003	|	        1.244	|	        0.133	|	        0.274	|	        0.188 |
| 6-simple-section-004	|	        2.022	|	        0.129	|	        0.438	|	        0.283 |
| 6-simple-section-005	|	        1.258	|	        0.114	|	        0.277	|	        0.185 |
| 6-simple-section-006	|	        2.012	|	        0.136	|	        0.444	|	        0.286 |
| 6-simple-section-007	|	        2.691	|	        0.276	|	        0.603	|	        0.383 |
| 6-simple-section-008	|	        3.322	|	        0.337	|	        0.757	|	        0.478 |
| 6-simple-section-009	|	        8.030	|	        0.699	|	        1.841	|	        1.094 |
| 6-simple-section-010	|	        1.257	|	        0.162	|	        0.278	|	        0.194 |
| 6-simple-section-011	|	        2.070	|	        0.130	|	        0.446	|	        0.316 |
| -simple-sections-001	|	        4.789	|	        0.472	|	        1.264	|	        0.657 |
| -simple-sections-002	|	        2.488	|	        0.295	|	        0.682	|	        0.350 |
| -simple-sections-003	|	        4.851	|	        0.471	|	        1.257	|	        0.630 |
| -simple-sections-004	|	        0.934	|	        0.107	|	        0.237	|	        0.155 |
| -simple-sections-005	|	        5.673	|	        0.603	|	        1.414	|	        0.700 |
| 8-simple-comment-001	|	        0.853	|	        0.094	|	        0.212	|	        0.146 |
| 8-simple-comment-002	|	        1.301	|	        0.122	|	        0.335	|	        0.225 |
|   009-simple-dot-001	|	        2.292	|	        0.220	|	        0.575	|	        0.573 |
|   009-simple-dot-002	|	        2.264	|	        0.105	|	        0.384	|	        0.274 |
|   009-simple-dot-003	|	        2.234	|	        0.140	|	        0.497	|	        0.475 |
| le-doublesection-001	|	        2.885	|	        0.191	|	        0.598	|	        0.319 |
| le-doublesection-002	|	        2.912	|	        0.219	|	        0.689	|	        0.399 |
| le-doublesection-003	|	        4.425	|	        0.320	|	        1.129	|	        0.695 |
| le-doublesection-004	|	        4.556	|	        0.365	|	        1.128	|	        0.645 |
| le-doublesection-005	|	        8.289	|	        0.826	|	        2.053	|	        1.160 |
| 1-simple-context-001	|	        6.751	|	        0.661	|	        1.754	|	        1.003 |
| 1-simple-context-002	|	        6.672	|	        0.687	|	        1.647	|	        0.970 |
|  012-simple-this-001	|	        1.451	|	        0.230	|	        0.483	|	        0.000 |
|  012-simple-this-002	|	        1.471	|	        0.237	|	        0.491	|	        0.000 |
|  012-simple-this-003	|	        2.796	|	        0.383	|	        0.925	|	        0.000 |
|  012-simple-this-004	|	        2.802	|	        0.309	|	        0.893	|	        0.500 |
|  012-simple-this-005	|	        3.315	|	        0.504	|	        1.161	|	        0.000 |
|  012-simple-this-006	|	        3.327	|	        0.505	|	        5.173	|	        0.000 |
|      013-hb-each-001	|	        3.218	|	        0.288	|	        0.000	|	        0.000 |
|      013-hb-each-002	|	        1.894	|	        0.105	|	        0.000	|	        0.000 |
|      013-hb-each-003	|	        1.827	|	        0.104	|	        0.000	|	        0.000 |
|      013-hb-each-004	|	        1.712	|	        0.104	|	        0.000	|	        0.000 |
|      013-hb-each-005	|	        1.843	|	        0.107	|	        0.000	|	        0.000 |
|      013-hb-each-006	|	        1.678	|	        0.105	|	        0.000	|	        0.000 |
|      013-hb-each-007	|	        3.433	|	        0.280	|	        0.000	|	        0.000 |
|      013-hb-each-008	|	        4.073	|	        0.335	|	        0.000	|	        0.000 |
|      013-hb-each-009	|	        9.057	|	        0.703	|	        0.000	|	        0.000 |
|      013-hb-each-010	|	        1.788	|	        0.164	|	        0.000	|	        0.000 |
|      013-hb-each-011	|	        1.639	|	        0.103	|	        0.000	|	        0.000 |
|        014-hb-if-001	|	        4.400	|	        0.145	|	        0.000	|	        0.000 |
|        014-hb-if-002	|	        4.824	|	        0.183	|	        0.000	|	        0.000 |
|        014-hb-if-003	|	        4.822	|	        0.196	|	        0.000	|	        0.000 |
|        014-hb-if-004	|	        4.716	|	        0.198	|	        0.000	|	        0.000 |
|        014-hb-if-005	|	        4.371	|	        0.159	|	        0.000	|	        0.000 |
|        014-hb-if-006	|	        4.264	|	        0.168	|	        0.000	|	        0.000 |
|        014-hb-if-007	|	        4.784	|	        0.196	|	        0.000	|	        0.000 |
|        014-hb-if-008	|	        4.272	|	        0.161	|	        0.000	|	        0.000 |
|    015-hb-unless-001	|	        3.464	|	        0.150	|	        0.000	|	        0.000 |
|    015-hb-unless-002	|	        2.975	|	        0.138	|	        0.000	|	        0.000 |
|    015-hb-unless-003	|	        2.978	|	        0.146	|	        0.000	|	        0.000 |
|    015-hb-unless-004	|	        3.408	|	        0.169	|	        0.000	|	        0.000 |
|    015-hb-unless-005	|	        3.007	|	        0.145	|	        0.000	|	        0.000 |
|    015-hb-unless-006	|	        3.380	|	        0.172	|	        0.000	|	        0.000 |
|  016-hb-eachthis-001	|	        0.000	|	        0.714	|	        0.000	|	        0.000 |
|  016-hb-eachthis-002	|	        0.000	|	        0.560	|	        0.000	|	        0.000 |
|      017-hb-with-001	|	        3.269	|	        0.155	|	        0.000	|	        0.000 |
|      017-hb-with-002	|	        3.630	|	        0.164	|	        0.000	|	        0.000 |
|      017-hb-with-003	|	        3.375	|	        0.105	|	        0.000	|	        0.000 |
|  018-hb-withwith-001	|	       12.172	|	        0.190	|	        0.000	|	        0.000 |
|  018-hb-withwith-002	|	       11.152	|	        0.481	|	        0.000	|	        0.000 |
|  018-hb-withwith-003	|	       15.883	|	        1.159	|	        0.000	|	        0.000 |
|  018-hb-withwith-004	|	       12.098	|	        0.412	|	        0.000	|	        0.000 |
|  018-hb-withwith-005	|	       12.046	|	        0.413	|	        0.000	|	        0.000 |
|  018-hb-withwith-006	|	       11.988	|	        0.403	|	        0.000	|	        0.000 |
|  018-hb-withwith-007	|	       12.041	|	        0.191	|	        0.000	|	        0.000 |
| 19-hb-eachparent-001	|	        0.000	|	        2.377	|	        0.000	|	        0.000 |
| 19-hb-eachparent-002	|	        0.000	|	        1.550	|	        0.000	|	        0.000 |
|   020-hb-doteach-001	|	        2.247	|	        0.138	|	        0.000	|	        0.000 |
|   020-hb-doteach-002	|	        8.416	|	        0.580	|	        0.000	|	        0.000 |
| 21-hb-manyparent-001	|	        0.000	|	        3.299	|	        0.000	|	        0.000 |
| 21-hb-manyparent-002	|	        0.000	|	        3.386	|	        0.000	|	        0.000 |
| 21-hb-manyparent-003	|	        0.000	|	        3.880	|	        0.000	|	        0.000 |
| 21-hb-manyparent-004	|	        0.000	|	        6.648	|	        0.000	|	        0.000 |
| 2-simple-partial-001	|	        3.781	|	        0.842	|	        0.000	|	        0.000 |
|   023-hb-partial-001	|	        3.650	|	        0.373	|	        0.000	|	        0.000 |
|   023-hb-partial-002	|	        4.147	|	        0.476	|	        0.000	|	        0.000 |
|   023-hb-partial-003	|	        5.288	|	        0.499	|	        0.000	|	        0.000 |
|   023-hb-partial-004	|	        5.195	|	        0.663	|	        0.000	|	        0.000 |
| 024-hb-eachindex-001	|	       38.832	|	        1.817	|	        0.000	|	        0.000 |
| 024-hb-eachindex-002	|	       10.441	|	        0.560	|	        0.000	|	        0.000 |
| 024-hb-eachindex-003	|	       10.407	|	        0.589	|	        0.000	|	        0.000 |
| 024-hb-eachindex-004	|	       10.718	|	        0.625	|	        0.000	|	        0.000 |
| 024-hb-eachindex-005	|	       10.555	|	        0.595	|	        0.000	|	        0.000 |
| 024-hb-eachindex-006	|	       10.768	|	        0.619	|	        0.000	|	        0.000 |
| 024-hb-eachindex-007	|	       10.374	|	        0.618	|	        0.000	|	        0.000 |
| 024-hb-eachindex-008	|	       10.558	|	        0.624	|	        0.000	|	        0.000 |
| 024-hb-eachindex-009	|	       10.408	|	        0.614	|	        0.000	|	        0.000 |
| 024-hb-eachindex-010	|	       10.656	|	        0.607	|	        0.000	|	        0.000 |
| 024-hb-eachindex-011	|	       10.483	|	        0.614	|	        0.000	|	        0.000 |
| 024-hb-eachindex-012	|	       10.556	|	        0.619	|	        0.000	|	        0.000 |
| hb-partialparent-001	|	       16.293	|	        1.248	|	        0.000	|	        0.000 |
| hb-partialparent-002	|	       26.477	|	        1.769	|	        0.000	|	        0.000 |
|    026-hb-eachif-001	|	       13.835	|	        0.827	|	        0.000	|	        0.000 |
| 27-hb-arrayindex-001	|	        4.544	|	        0.366	|	        0.000	|	        0.000 |
| 27-hb-arrayindex-002	|	        5.479	|	        0.445	|	        0.000	|	        0.000 |
| 27-hb-arrayindex-003	|	       12.245	|	        0.910	|	        0.000	|	        0.000 |
|     028-hb-advar-001	|	        3.354	|	        0.166	|	        0.634	|	        0.548 |
|     028-hb-advar-002	|	        3.354	|	        0.159	|	        0.638	|	        0.553 |
|     028-hb-advar-003	|	        3.446	|	        0.208	|	        0.693	|	        0.639 |
| 029-hb-quotedarg-001	|	        0.000	|	        0.506	|	        0.000	|	        0.000 |
| 029-hb-quotedarg-002	|	        0.000	|	        0.534	|	        0.000	|	        0.000 |
| 029-hb-quotedarg-003	|	        0.000	|	        0.530	|	        0.000	|	        0.000 |
|  030-hb-namedarg-001	|	        0.000	|	        0.974	|	        0.630	|	        0.453 |
|  030-hb-namedarg-002	|	        0.000	|	        0.999	|	        0.632	|	        0.457 |
| 031-hb-blockhelp-001	|	        0.000	|	        0.812	|	        0.000	|	        0.000 |
| 031-hb-blockhelp-002	|	        0.000	|	        2.194	|	        0.000	|	        0.000 |
|    032-hb-helper-001	|	        4.835	|	        0.343	|	        0.000	|	        0.000 |
|    032-hb-helper-002	|	       14.346	|	        1.357	|	        0.000	|	        0.000 |
|    032-hb-helper-003	|	       14.423	|	        1.404	|	        0.000	|	        0.000 |
|    032-hb-helper-004	|	       19.097	|	        1.839	|	        0.000	|	        0.000 |
|    032-hb-helper-005	|	        9.221	|	        0.913	|	        0.000	|	        0.000 |
| -extendedcomment-001	|	        0.000	|	        0.040	|	        0.000	|	        0.000 |
|      034-hb-root-001	|	        4.154	|	        0.354	|	        0.000	|	        0.000 |
|  035-hb-eachelse-001	|	        1.586	|	        0.095	|	        0.000	|	        0.000 |
|  035-hb-eachelse-002	|	        1.612	|	        0.097	|	        0.000	|	        0.000 |
|  035-hb-eachelse-003	|	        1.587	|	        0.098	|	        0.000	|	        0.000 |
|  035-hb-eachelse-004	|	        1.570	|	        0.097	|	        0.000	|	        0.000 |
|  035-hb-eachelse-005	|	        1.017	|	        0.102	|	        0.000	|	        0.000 |
| 6-hb-sectionelse-001	|	        0.652	|	        0.101	|	        0.000	|	        0.000 |
| 6-hb-sectionelse-002	|	        0.643	|	        0.099	|	        0.000	|	        0.000 |
| 6-hb-sectionelse-003	|	        0.635	|	        0.099	|	        0.000	|	        0.000 |
| 6-hb-sectionelse-004	|	        0.657	|	        0.103	|	        0.000	|	        0.000 |
| 6-hb-sectionelse-005	|	        2.429	|	        0.100	|	        0.000	|	        0.000 |
| 6-hb-sectionelse-006	|	        0.655	|	        0.100	|	        0.000	|	        0.000 |
| b-each-firstlast-001	|	        5.481	|	        0.467	|	        0.000	|	        0.000 |
| b-each-firstlast-002	|	        2.085	|	        0.219	|	        0.000	|	        0.000 |
| b-each-firstlast-003	|	        3.286	|	        0.342	|	        0.000	|	        0.000 |
| hb-subexpression-001	|	        1.868	|	        0.170	|	        0.072	|	        0.056 |
| 39-hb-parenteach-001	|	        0.000	|	        1.679	|	        0.000	|	        0.000 |
| 39-hb-parenteach-002	|	        0.000	|	        2.293	|	        0.000	|	        0.000 |
|  livetest-001-hb-001	|	        0.000	|	      110.286	|	        0.000	|	        0.000 |
|  livetest-002-hb-001	|	       10.999	|	        0.759	|	        0.000	|	        0.000 |
